,ts_code,ann_date,f_ann_date,end_date,comp_type,report_type,net_profit,finan_exp,c_fr_sale_sg,recp_tax_rends,n_depos_incr_fi,n_incr_loans_cb,n_inc_borr_oth_fi,prem_fr_orig_contr,n_incr_insured_dep,n_reinsur_prem,n_incr_disp_tfa,ifc_cash_incr,n_incr_disp_faas,n_incr_loans_oth_bank,n_cap_incr_repur,c_fr_oth_operate_a,c_inf_fr_operate_a,c_paid_goods_s,c_paid_to_for_empl,c_paid_for_taxes,n_incr_clt_loan_adv,n_incr_dep_cbob,c_pay_claims_orig_inco,pay_handling_chrg,pay_comm_insur_plcy,oth_cash_pay_oper_act,st_cash_out_act,n_cashflow_act,oth_recp_ral_inv_act,c_disp_withdrwl_invest,c_recp_return_invest,n_recp_disp_fiolta,n_recp_disp_sobu,stot_inflows_inv_act,c_pay_acq_const_fiolta,c_paid_invest,n_disp_subs_oth_biz,oth_pay_ral_inv_act,n_incr_pledge_loan,stot_out_inv_act,n_cashflow_inv_act,c_recp_borrow,proc_issue_bonds,oth_cash_recp_ral_fnc_act,stot_cash_in_fnc_act,free_cashflow,c_prepay_amt_borr,c_pay_dist_dpcp_int_exp,incl_dvd_profit_paid_sc_ms,oth_cashpay_ral_fnc_act,stot_cashout_fnc_act,n_cash_flows_fnc_act,eff_fx_flu_cash,n_incr_cash_cash_equ,c_cash_equ_beg_period,c_cash_equ_end_period,c_recp_cap_contrib,incl_cash_rec_saims,uncon_invest_loss,prov_depr_assets,depr_fa_coga_dpba,amort_intang_assets,lt_amort_deferred_exp,decr_deferred_exp,incr_acc_exp,loss_disp_fiolta,loss_scr_fa,loss_fv_chg,invest_loss,decr_def_inc_tax_assets,incr_def_inc_tax_liab,decr_inventories,decr_oper_payable,incr_oper_payable,others,im_net_cashflow_oper_act,conv_debt_into_cap,conv_copbonds_due_within_1y,fa_fnc_leases,end_bal_cash,beg_bal_cash,end_bal_cash_equ,beg_bal_cash_equ,im_n_incr_cash_equ
0,600226.SH,20190430,20190430,20190331,1,1,,,133743536.81,2707352.43,,,,,,,,,,,,3713401.89,140164291.13,134866343.32,42009172.5,2464186.15,,,,,,256562930.28,435902632.25,-295738341.12,,3800000.0,3435.62,9700000.0,,13503435.62,13496452.73,4200000.0,,,,17696452.73,-4193017.11,58000000.0,,,58000000.0,-300864555.7287,171999998.2,4433073.85,,,176433072.05,-118433072.05,353508.74,-418010921.54,460223437.68,42212516.14,,,,,,,,,,,,,,,,,,,,,,,,,,,,
1,600226.SH,20190423,20190423,20181231,1,1,137820374.75,20375089.5,500165132.92,13858179.43,,,,,,,,,,,,384728538.38,898751850.73,342211710.45,147432058.22,33730731.22,,,,,,551497684.55,1074872184.44,-176120333.71,1816356677.5,47116335.48,210114781.08,569615.1,,2074157409.16,160577972.61,77054685.77,,1440000000.0,,1677632658.38,396524750.78,565258398.1,,100000000.0,665258398.1,-86566940.37,1024935421.42,42501507.59,,100000000.0,1167436929.01,-502178530.91,-10072030.98,-291846144.82,752069582.5,460223437.68,,,,99710115.23,54076073.42,35601372.15,5010012.71,,,-222886.57,2682139.29,-2060219.18,-172568620.21,-4812084.43,887341.25,-47059402.75,-277534648.24,-28024990.63,,-176120333.71,,,,460223437.68,752069582.5,,,-291846144.82
2,600226.SH,20181030,20181030,20180930,1,1,,,474404955.22,12087874.48,,,,,,,,,,,,357587239.99,844080069.69,438701236.31,117229331.12,32893087.01,,,,,,480020415.49,1068844069.93,-224764000.24,1757037035.03,54243458.22,101803710.22,918849.48,,1914003052.95,375553193.52,77928319.2,,1838672119.8,,2292153632.52,-378150579.57,537628398.1,,,537628398.1,-670273558.4838,765049293.82,36398354.34,,1957547.17,803405195.33,-265776797.23,926573.08,-867764803.96,752069582.5,-115695221.46,,,,,,,,,,,,,,,,,,,,,,,,,,,,
3,600226.SH,20180828,20180828,20180630,1,1,142938030.64,17789749.72,283106896.01,11282889.27,,,,,,,,,,,,234840401.1,529230186.38,247354221.58,84980136.57,27120204.55,,,,,,246073794.21,605528356.91,-76298170.53,1465000000.0,47116335.48,71164305.19,772849.48,,1584053490.15,263601387.13,77054685.77,,1315406709.9,,1656062782.8,-72009292.65,505258398.1,,,505258398.1,-391175496.57,656635419.62,25351310.68,,1957547.17,683944277.47,-178685879.37,-6596026.04,-333589368.59,752069582.5,418480213.91,,,,29109468.51,27681712.27,17618865.71,1400599.12,,,-222886.57,900167.37,,-120985275.34,-5053440.55,-3533540.04,-14505439.8,-64621416.54,-104814765.03,,-76298170.53,,,,418480213.91,752069582.5,,,-333589368.59
4,600226.SH,20180425,20180425,20180331,1,1,,,235883820.19,3425431.59,,,,,,,,,,,,4313766.48,243623018.26,171743253.93,52076491.16,6180747.22,,,,,,123453892.77,353454385.08,-109831366.82,,47623301.5,4977183.28,28000.0,,52628484.78,123474675.23,77048935.78,,,,200523611.01,-147895126.23,195258398.1,,,195258398.1,-326549218.6785,163750000.0,8359497.92,,,172109497.92,23148900.18,-5444149.54,-240021742.41,752069582.5,512047840.09,,,,,,,,,,,,,,,,,,,,,,,,,,,,
5,600226.SH,20180214,20180214,20171231,1,1,265606135.2,47379071.82,994082838.74,22712944.42,,,,,,,,,,,,215047562.59,1231843345.75,709705360.43,156519045.27,49224461.17,,,,,,234100476.62,1149549343.49,82294002.26,800311653.35,10000000.0,132681614.72,7736743.36,137747559.92,1088477571.35,167581571.64,283000000.0,687574646.64,1465000000.0,,2603156218.28,-1514678646.93,958130373.12,,,2444048340.61,-1690303539.6579,526620934.61,29191209.2,,839200000.0,1395012143.81,1049036196.8,-22449559.35,-405798007.22,1157867589.72,752069582.5,1485917967.49,3600000.0,,32809436.2,51378791.97,55766418.67,1478151.14,,,8001028.08,,-75821.92,-323325151.19,4189637.61,2051508.6,-12431332.16,-33927154.52,-16606717.24,,82294002.26,,,,752069582.5,1157867589.72,,,-405798007.22
6,600226.SH,20171031,20171031,20170930,1,1,,,741576970.89,21212263.54,,,,,,,,,,,,150876619.64,913665854.07,675322101.4,127881678.27,52042184.95,,,,,,109648859.81,964894824.43,-51228970.36,166994291.68,10000000.0,85584740.85,2133965.83,159408767.65,424121766.01,68599781.13,373604700.0,687574646.64,651861895.06,,1781641022.83,-1357519256.82,533088771.22,,,2017506738.71,-1213550920.8875,338957391.91,22432198.94,,814455997.05,1175845587.9,841661150.81,-7480431.07,-574567507.44,1157867589.72,583300082.28,1484417967.49,2100000.0,,,,,,,,,,,,,,,,,,,,,,,,,,
7,600226.SH,20170815,20170815,20170630,1,1,188565093.81,19772544.93,583213180.66,15895093.73,,,,,,,,,,,,148196742.33,747305016.72,432122195.66,104629589.05,44476156.64,,,,,,90729268.02,671957209.37,75347807.35,110000000.0,10000000.0,83649092.49,2094865.83,52201494.34,257945452.66,67993905.71,246000000.0,687574646.64,580000000.0,,1581568552.35,-1323623099.69,441088771.22,,,1925506738.71,-1062644851.7487,294129332.71,16939816.64,,814455997.05,1125525146.4,799981592.31,-7749606.39,-456043306.42,1157867589.72,701824283.3,1484417967.49,2100000.0,,-5507915.44,29464413.76,14235567.7,704216.12,,,429823.4,,,-192620965.53,1144920.75,-49868.45,29382468.34,702003112.71,-712175604.75,,75347807.35,,,,701824283.3,1157867589.72,,,-456043306.42
8,600226.SH,20170428,20170428,20170331,1,1,,,224288414.19,7366070.96,,,,,,,,,,,,76919063.64,308573548.79,240123732.17,51835517.63,7256966.25,,,,,,46811237.73,346027453.78,-37453904.99,,100000000.0,120353.74,957976.87,55916290.52,156994621.13,41353501.86,300000000.0,,,,341353501.86,-184358880.73,278329151.43,,129072.8,1759715269.77,-835343213.7775,141419440.53,4140294.41,,800401782.93,945961517.87,813753751.9,-1255243.11,590685723.07,1157867589.72,1748553312.79,1481257045.54,,,,,,,,,,,,,,,,,,,,,,,,,,,
9,600226.SH,20170228,20170228,20161231,1,1,233265890.21,13136257.37,791704972.87,9642818.35,,,,,,,,,,,,48112564.7,849460355.92,534102476.24,177324051.5,41419187.58,,,,,,151903700.16,904749415.48,-55289059.56,,1884136675.64,219192573.93,1162387.37,,2104491636.94,60811408.4,1829899966.59,2000000.0,,,1892711374.99,211780261.95,388464508.44,,806456325.78,1194920834.22,489272325.7287,356027993.16,29197075.36,,,385225068.52,809695765.7,8887179.95,975074148.04,182793441.68,1157867589.72,,,,51779881.67,77780307.73,2706225.51,170565.98,,,7023349.83,,,-386874757.14,1277684.45,-321388.61,72036326.63,-147366961.69,20097558.5,,-55289059.56,,,,1157867589.72,182793441.68,,,975074148.04
10,600226.SH,20161031,20161031,20160930,1,1,,,582117902.5,7133028.14,,,,,,,,,,,,47946429.7,637197360.34,383128031.12,127909691.95,30610809.46,,,,,,101580766.61,643229299.14,-6031938.8,,1438196750.0,214340019.63,706759.2,,1653243528.83,64454494.73,1359899966.59,2000000.0,20000000.0,,1446354461.32,206889067.51,316192380.25,,800000000.0,1116192380.25,371455915.2744,253596193.46,40020079.39,,,293616272.85,822576107.4,3247892.56,1026681128.67,182793441.68,1209474570.35,,,,,,,,,,,,,,,,,,,,,,,,,,,,
11,600226.SH,20160830,20160830,20160630,1,1,147805628.27,12299135.67,404575416.18,4374581.75,,,,,,,,,,,,44126209.65,453076207.58,283619756.54,93294490.84,22860566.92,,,,,,69178310.79,468953125.09,-15876917.51,,462996250.0,103263336.79,507037.0,,566766623.79,48840923.38,409999966.59,2000000.0,,,460840889.97,105925733.82,276402704.1,,800000000.0,1076402704.1,328054473.4232,203550171.86,35898638.4,,,239448810.26,836953893.84,2625445.78,929628155.93,182793441.68,1112421597.61,,,,8172112.31,40327026.0,1428065.88,62405.28,,,2108308.6,,,-181127039.21,858770.38,-321388.61,-4441609.49,-107300784.32,64252451.73,,-15876917.51,,,,1112421597.61,182793441.68,,,929628155.93
12,600226.SH,20160430,20160430,20160331,1,1,,,186927152.76,2486896.3,,,,,,,,,,,,32043428.69,221457477.75,186345294.87,41562373.19,14269734.72,,,,,,38666938.94,280844341.72,-59386863.97,,,1279210.88,333121.0,,1612331.88,13595708.0,,,,,13595708.0,-11983376.12,157013553.06,,,157013553.06,230545568.0022,32133213.78,16599443.27,,,48732657.05,108280896.01,-548492.63,36362163.29,182793441.68,219155604.97,,,,,,,,,,,,,,,,,,,,,,,,,,,,
13,600226.SH,20160227,20160227,20151231,1,1,134551051.09,22195601.31,869506937.95,23715165.26,,,,,,,,,,,,46490216.66,939712319.87,579657583.81,143100587.34,35838093.36,,,,,,111927641.22,870523905.73,69188414.14,124877404.63,801260000.0,84581547.35,2877166.86,21129218.85,1034725337.69,60979368.83,702893000.0,0.0,83358490.54,0.0,847230859.37,187494478.32,221790582.76,,,221790582.76,219636906.5357,203336318.76,171392078.75,,,374728397.51,-152937814.75,6546143.89,110291221.6,72502220.08,182793441.68,,,,44119342.01,95726702.37,3186983.51,124810.56,,,3982257.36,,-59370.0,-227396058.1,-661669.38,289228.48,-4962458.95,-11236442.88,9328436.76,,69188414.14,,,,182793441.68,72502220.08,,,110291221.6
14,600226.SH,20151028,20151028,20150930,1,1,,,667777537.6,19714490.61,,,,,,,,,,,,48844725.26,736336753.47,415219354.59,110983120.47,29051076.28,,,,,,113581009.16,668834560.5,67502192.97,110887422.0,746960000.0,74313460.79,797511.52,21129218.85,954087613.16,39309722.47,721173000.0,,,,760482722.47,193604890.69,131885290.76,,,131885290.76,188822637.9117,149522210.76,84596929.36,,,234119140.12,-102233849.36,5541300.91,164414535.21,72502220.08,236916755.29,,,,,,,,,,,,,,,,,,,,,,,,,,,,
15,600226.SH,20150828,20150828,20150630,1,1,88838883.19,11764039.86,424643746.13,7130761.5,,,,,,,,,,,,34740617.55,466515125.18,245968795.58,79365691.61,14932397.5,,,,,,89278087.31,429544972.0,36970153.18,106887422.0,484000000.0,62433812.37,452937.07,21129218.85,674903390.29,31071393.41,559540000.0,,,,590611393.41,84291996.88,60368204.76,,,60368204.76,100237327.1223,64005124.76,80118415.73,,,144123540.49,-83755335.73,1614976.72,39121791.05,72502220.08,111624011.13,,,,8622854.45,49446157.08,1736922.99,62405.28,,,-40687.83,,-242851.5,-111175272.59,-625213.87,934783.9,-10803250.04,-33520582.21,31971964.47,,36970153.18,,,,111624011.13,72502220.08,,,39121791.05
16,600226.SH,20150429,20150429,20150331,1,1,,,210250194.93,5298848.37,,,,,,,,,,,,15435120.5,230984163.8,124054033.57,45029582.03,8829084.99,,,,,,43402427.05,221315127.64,9669036.16,5487422.0,120000000.0,10035081.41,234180.0,,135756683.41,9005705.32,120000000.0,,18360000.0,,147365705.32,-11609021.91,31335625.1,,,31335625.1,18396026.4375,52140994.41,2846366.57,,,54987360.98,-23651735.88,905573.24,-24686148.39,72502220.08,47816071.69,,,,,,,,,,,,,,,,,,,,,,,,,,,,
17,600226.SH,20150331,20150331,20141231,1,1,76880141.06,29375159.55,1150450941.74,17347483.74,,,,,,,,,,,,51709843.31,1219508268.79,882088405.1,150398911.29,44784080.58,,,,,,117815474.86,1195086871.83,24421396.96,150700000.0,244067497.0,67703606.34,3782030.47,51174685.14,517427818.95,107945940.52,413700000.0,,104000000.0,,625645940.52,-108218121.57,538276729.26,,5794000.0,544070729.26,39778000.5553,530753392.06,41903195.75,450000.0,,572656587.81,-28585858.55,877617.38,-111504965.78,184007185.86,72502220.08,,,,36384871.44,106577199.92,3348552.86,124810.56,,,6480689.08,,59370.0,-131456283.73,5117888.17,-96480.38,-62941147.12,15791421.86,-61224796.31,,24421396.96,,,,72502220.08,184007185.86,,,-111504965.78
18,600226.SH,20141023,20141023,20140930,1,1,,,863743422.69,14233683.65,,,,,,,,,,,,62745103.0,940722209.34,650684650.23,118571025.45,33628977.42,,,,,,116039660.14,918924313.24,21797896.1,150500000.0,119167497.0,18778761.88,2017604.07,51412855.25,341876718.2,69152764.9,289000000.0,,100000000.0,,458152764.9,-116276046.7,332588149.36,,,332588149.36,-3824583.7336,313227757.16,39008763.38,450000.0,,352236520.54,-19648371.18,1203969.44,-112922552.34,184007185.86,71084633.52,,,,,,,,,,,,,,,,,,,,,,,,,,,,
19,600226.SH,20140822,20140822,20140630,1,1,49052553.08,14242468.22,585791192.88,9994470.01,,,,,,,,,,,,47887361.8,643673024.69,424052688.46,84450383.46,19578170.99,,,,,,93422383.21,621503626.12,22169398.57,150500000.0,89000000.0,11933795.24,1009404.07,23850000.0,276293199.31,42845266.35,289000000.0,,,,331845266.35,-55552067.04,297720548.56,,,297720548.56,67097802.411,213014696.36,34703444.02,,,247718140.38,50002408.18,1350638.04,17970377.75,184007185.86,201977563.61,,,,6631354.07,53288829.07,1691665.3,62405.28,,,-125442.09,,,-55545163.34,-782033.89,-48240.19,-37770095.73,-17966470.47,9437569.26,,22169398.57,,,,201977563.61,184007185.86,,,17970377.75
20,600226.SH,20140429,20140429,20140331,1,1,,,281907974.66,6951992.92,,,,,,,,,,,,34448698.81,323308666.39,243635360.76,46442905.23,9766101.76,,,,,,49327890.46,349172258.21,-25863591.82,500000.0,89000000.0,3225128.57,200900.0,18250000.0,111176028.57,21928825.99,289000000.0,,,,310928825.99,-199752797.42,199432283.03,,,199432283.03,182986463.1532,55845149.85,2645997.36,,,58491147.21,140941135.82,937265.47,-83737987.95,184007185.86,100269197.91,,,,,,,,,,,,,,,,,,,,,,,,,,,,
21,600226.SH,20140324,20140324,20131231,1,1,26763404.16,23501629.95,1375204674.32,16511642.28,,,,,,,,,,,,59315583.77,1451031900.37,1000423075.35,151099537.06,45713616.9,,,,,,134515538.49,1331751767.8,119280132.57,7127600.0,153145000.0,51742985.36,3483800.0,1826927.6,217326312.96,71701205.42,219921972.0,,150000000.0,,441623177.42,-224296864.46,449176761.85,297400000.0,,746576761.85,-234538310.4173,600813256.92,33899550.95,2560000.0,,634712807.87,111863953.98,-4852243.78,1994978.31,182012207.55,184007185.86,,,,21728645.36,106386547.41,3369124.39,124810.56,,,956312.76,,,-61517792.14,-1006200.55,-100789.89,8337689.14,18177983.24,-27441231.82,,119280132.57,,,,184007185.86,182012207.55,,,1994978.31
22,600226.SH,20131029,20131029,20130930,1,1,,,995754991.6,11089885.92,,,,,,,,,,,,66973859.37,1073818736.89,772885153.35,119888660.81,38536321.37,,,,,,117098527.03,1048408662.56,25410074.33,22289728.0,,9845314.08,4089040.03,,36224082.11,62102505.76,66776972.0,,166579728.0,,295459205.76,-259235123.65,331955992.39,300000000.0,,631955992.39,-296247287.4498,470095401.68,31815256.22,2560000.0,2600000.0,504510657.9,127445334.49,-3045005.77,-109424720.6,182012207.55,72587486.95,,,,,,,,,,,,,,,,,,,,,,,,,,,,
23,600226.SH,20130820,20130820,20130630,1,1,23857601.4,9391260.4,687858470.65,7732567.66,,,,,,,,,,,,51953149.9,747544188.21,561191376.4,84529558.69,28814418.31,,,,,,79717462.19,754252815.59,-6708627.38,18179728.0,,,1676792.31,,19856520.31,37333313.19,54476972.0,,16579728.0,,108390013.19,-88533492.88,284947565.44,300000000.0,,584947565.44,-242358078.8861,380066752.65,29982804.45,2560000.0,2600000.0,412649557.1,172298008.34,-2696110.86,74359777.22,182012207.55,256371984.77,,,,-5373367.37,53993752.35,1683141.58,62405.28,,,-551943.62,,,-18024062.17,-1147957.91,-52549.7,4249108.74,18628817.2,-93424833.56,,-6708627.38,,,,256371984.77,182012207.55,,,74359777.22
24,600226.SH,20130425,20130425,20130331,1,1,,,314471398.73,6249247.78,,,,,,,,,,,,24773096.71,345493743.22,284007486.0,51039160.87,20952532.82,,,,,,43802148.62,399801328.31,-54307585.09,7200000.0,,,973492.31,,8173492.31,12391963.37,44056700.0,,27000000.0,,83448663.37,-75275171.06,153826024.4,,,153826024.4,25015586.9681,115914979.3,3326388.85,,,119241368.15,34584656.25,-1100203.75,-96098303.65,182012207.55,85913903.9,,,,,,,,,,,,,,,,,,,,,,,,,,,,
25,600226.SH,20130403,20130403,20121231,1,1,29550157.3,18074631.63,1643819076.65,38582659.83,,,,,,,,,,,,43877611.44,1726279347.92,1136598326.36,136052211.95,59052085.96,,,,,,176614476.47,1508317100.74,217962247.18,9190000.0,,46300000.0,1560532.27,,57050532.27,92207648.73,182166250.0,1406871.57,,,275780770.3,-218730238.03,494009536.47,,,494009536.47,223139827.6529,616965184.65,24710565.52,6000000.0,,641675750.17,-147666213.7,-812940.51,-149247145.06,331259352.61,182012207.55,,,,10899198.59,106246936.67,2816283.16,124810.56,,,945543.99,,46474.33,-39808069.06,-977950.29,-159812.99,73861205.82,-8254271.86,24597109.33,,217962247.18,,,,182012207.55,331259352.61,,,-149247145.06
26,600226.SH,20121030,20121030,20120930,1,1,,,1179728890.7,30873263.7,,,,,,,,,,,,51110731.7,1261712886.1,782788767.39,108025306.3,52177983.73,,,,,,131207340.28,1074199397.7,187513488.4,,,,1153529.29,,1153529.29,69668956.69,110660000.0,1406871.57,,,181735828.26,-180582298.97,419644874.5,,,419644874.5,126317509.1833,572741245.63,20778262.46,6000000.0,,593519508.09,-173874633.59,1391168.3,-165552275.86,331259352.61,165707076.75,,,,,,,,,,,,,,,,,,,,,,,,,,,,
27,600226.SH,20120830,20120830,20120630,1,1,33810072.54,9689737.93,777694780.3,24693242.49,,,,,,,,,,,,42323179.72,844711202.51,448430153.01,73851898.53,42231684.32,,,,,,85375510.46,649889246.32,194821956.19,,,,1138622.23,,1138622.23,50383281.57,,1406871.57,,,51790153.14,-50651530.91,220752515.33,,,220752515.33,126214245.4838,332579087.37,15806827.35,6000000.0,,348385914.72,-127633399.39,1052469.06,17589494.95,331259352.61,348848847.56,,,,-9099200.14,52354734.39,1383141.58,62405.28,,,-165833.91,,46474.33,-16064654.24,617865.37,-85715.79,57109356.34,15113743.81,50049828.7,,194821956.19,,,,348848847.56,331259352.61,,,17589494.95
28,600226.SH,20120426,20120426,20120331,1,1,,,372549366.13,13096277.41,,,,,,,,,,,,34967781.8,420613425.34,241961220.99,44548395.27,30952337.84,,,,,,68432764.26,385894718.36,34718706.98,,,,488520.0,,488520.0,26676527.18,,1406871.57,,,28083398.75,-27594878.75,188902375.14,,,188902375.14,29437198.6402,223845530.79,5442862.82,,,229288393.61,-40386018.47,297114.45,-32965075.79,331259352.61,298294276.82,,,,,,,,,,,,,,,,,,,,,,,,,,,,
29,600226.SH,20120228,20120228,20111231,1,1,101838364.35,20898236.18,1828465528.24,29491772.8,,,,,,,,,,,,43899458.16,1901856759.2,1461977949.73,134117319.72,63676832.71,,,,,,184507492.58,1844279594.74,57577164.46,103200000.0,,51650736.95,5135493.8,1000000.0,160986230.75,160919159.85,32574600.0,6852583.25,,,200346343.1,-39360112.35,339429243.73,,,355672743.73,214084466.2753,240907127.37,74490517.76,,,315397645.13,40275098.6,-7642882.75,50849267.96,280410084.65,331259352.61,16243500.0,16243500.0,,6210124.31,100908293.41,2454372.6,10400.88,,,4765264.99,,284025.67,-55473708.49,-2871424.28,-173801.3,-34269137.54,38929259.77,-125933106.09,,57577164.46,,,,331259352.61,280410084.65,,,50849267.96
30,600226.SH,20111021,20111021,20110930,1,1,,,1359369333.47,24197274.57,,,,,,,,,,,,39922638.39,1423489246.43,1056903896.08,97714853.86,63563584.04,,,,,,136014672.15,1354197006.13,69292240.3,101900000.0,1000000.0,6690736.95,852055.7,,110442792.65,121989859.3,,6852583.25,,,128842442.55,-18399649.9,230115728.8,,,246359228.8,-33157743.1736,162073201.56,70803106.58,,,232876308.14,13482920.66,-6434828.32,57940682.74,280410084.65,338350767.39,16243500.0,16243500.0,,,,,,,,,,,,,,,,,,,,,,,,,,
31,600226.SH,20110823,20110823,20110630,1,1,76661018.77,9670381.77,935016657.6,15687638.33,,,,,,,,,,,,26379273.27,977083569.2,643282768.24,69183417.63,52733163.52,,,,,,112119267.61,877318617.0,99764952.2,101900000.0,1000000.0,2770736.95,769700.0,,106440436.95,86488626.56,,6852583.25,,,93341209.81,13099227.14,179470882.8,,,195714382.8,-3100855.3136,144792589.26,67460417.2,,,212253006.46,-16538623.66,-3968274.25,92357281.43,280410084.65,372767366.08,16243500.0,16243500.0,,-5675437.75,49755823.29,1118126.42,,,,547221.84,,330500.0,-14844949.29,-2004399.36,-57357.63,25241155.14,-40115555.28,-861575.72,,99764952.2,,,,372767366.08,280410084.65,,,92357281.43
32,600226.SH,20110421,20110421,20110331,1,1,,,370767297.19,8763376.09,,,,,,,,,,,,25216392.01,404747065.29,307582397.78,40337636.23,28602969.29,,,,,,47690115.38,424213118.68,-19466053.39,50500000.0,,1855056.95,499700.0,,52854756.95,36291752.2,,,,,36291752.2,16563004.75,69699432.13,,,81699432.13,-82614783.0653,80045484.5,3043901.61,,,83089386.11,-1389953.98,-850008.36,-5143010.98,280410084.65,275267073.67,12000000.0,12000000.0,,,,,,,,,,,,,,,,,,,,,,,,,,
33,600226.SH,20110412,20110412,20101231,1,1,134660303.84,15636807.27,1755936486.48,43815042.68,,,,,,,,,,,,54798786.1,1854550315.26,1443752876.8,107170705.56,28361523.66,,,,,,142107257.31,1721392363.33,133157951.93,169878200.0,,51491951.71,1761169.62,45000.0,223176321.33,87183235.75,33779580.0,,180000000.0,,300962815.75,-77786494.42,434735602.69,,21200000.0,455935602.69,-30250398.1394,371743211.38,51288489.23,3430000.0,2000000.0,425031700.61,30903902.08,-7154961.11,79120398.48,201289686.17,280410084.65,,,,13161205.14,100269228.65,2049075.98,,,,2386952.7,,-330500.0,-74502862.62,-577469.24,49575.0,-59114127.69,10674388.33,-11204625.43,,133157951.93,,,,280410084.65,201289686.17,,,79120398.48
34,600226.SH,20101019,20101019,20100930,1,1,,,1107091888.19,34234068.43,,,,,,,,,,,,92759652.47,1234085609.09,891877536.52,84466976.48,19034644.33,,,,,,124263925.84,1119643083.17,114442525.92,85774200.0,,47437165.84,1546551.69,,134757917.53,61378205.31,30000000.0,,100000000.0,,191378205.31,-56620287.78,313397282.69,,8380000.0,321777282.69,-196854687.2573,289256036.8,52084808.36,3430000.0,2000000.0,343340845.16,-21563562.47,-3958633.91,32300041.76,201289686.17,233589727.93,,,,,,,,,,,,,,,,,,,,,,,,,,,,
35,600226.SH,20100817,20100817,20100630,1,1,66597017.36,6422679.57,742966960.72,21923654.27,,,,,,,,,,,,44455999.38,809346614.37,595287446.18,61307207.47,11621229.39,,,,,,73050763.12,741266646.16,68079968.21,54844200.0,,2280499.17,1466051.69,,58590750.86,39295600.81,,,100000000.0,,139295600.81,-80704849.95,135837003.38,,,135837003.38,91524955.6209,95672369.76,45380253.94,,2000000.0,143052623.7,-7215620.32,-1636807.5,-21477309.56,201289686.17,179812376.61,,,,2439196.6,50580015.64,1031731.72,,,,1299686.39,,,-13294347.72,923384.17,,-44416680.78,-90882288.44,87379573.7,,68079968.21,,,,179812376.61,201289686.17,,,-21477309.56
36,600226.SH,20100427,20100427,20100331,1,1,,,348461610.73,7890413.65,,,,,,,,,,,,27437010.86,383789035.24,274960370.54,38701748.35,5812894.6,,,,,,40862071.57,360337085.06,23451950.18,4024200.0,,1800000.0,1000.0,,5825200.0,21715411.68,,,,,21715411.68,-15890211.68,60629932.38,,,60629932.38,-147902977.1273,39781126.22,2003192.62,,,41784318.84,18845613.54,-278484.37,26128867.67,201289686.17,227418553.84,,,,,,,,,,,,,,,,,,,,,,,,,,,,
37,600226.SH,20100413,20100413,20091231,1,1,147111180.4,12052991.25,1470963987.63,35083303.65,,,,,,,,,,,,46708129.31,1552755420.59,1167914688.01,94630588.81,38193128.79,,,,,,159009443.01,1459747848.62,93007571.97,16306291.7,,41175200.0,2641730.69,74250000.0,134373222.39,114610597.84,,,75500000.0,,190110597.84,-55737375.45,628581454.9,,3900000.0,647181454.9,108640339.1167,625204505.82,102447367.69,34643000.0,19921957.79,747573831.3,-100392376.4,-839509.41,-63961689.29,265251375.46,201289686.17,14700000.0,14700000.0,,-12000787.99,95636350.17,1855963.35,,,,357598.19,,,-98929389.71,2015000.53,,5094950.09,-20206925.5,-39979358.81,,93007571.97,,,,201289686.17,265251375.46,,,-63961689.29
38,600226.SH,20091027,20091027,20090930,1,1,,,990529125.85,28460271.93,,,,,,,,,,,,92137763.94,1111127161.72,854098208.84,80757020.13,31699318.5,,,,,,151100167.21,1117654714.68,-6527552.96,5586291.7,,39540000.0,996070.24,68400000.0,114522361.94,82855989.23,50000000.0,,25500000.0,,158355989.23,-43833627.29,380930140.23,,5000000.0,400630140.23,3035367.372,341716083.23,101242804.96,34643000.0,24000000.0,466958888.19,-66328747.96,-585468.75,-117275396.96,265251375.46,147975978.5,14700000.0,14700000.0,,,,,,,,,,,,,,,,,,,,,,,,,,
39,600226.SH,20090825,20090825,20090630,1,1,71717740.37,6616670.43,742617562.21,19374617.11,,,,,,,,,,,,42338644.32,804330823.64,540623359.5,52570525.78,21226633.88,,,,,,132196427.66,746616946.82,57713876.82,4586291.7,,38000000.0,628330.92,68400000.0,111614622.62,52641051.44,,,,,52641051.44,58973571.18,266454631.48,,5000000.0,271454631.48,-74798379.4276,302034495.73,82843318.21,19943000.0,19000000.0,403877813.94,-132423182.46,-365491.33,-16101225.79,265251375.46,249150149.67,,,,-22457179.52,48203037.18,924151.02,,,,-497241.56,2567.18,,-39503287.28,4146655.33,,28501530.55,-24440869.55,-15499897.33,,57713876.82,,,,249150149.67,265251375.46,,,-16101225.79
40,600226.SH,20090430,20090430,20090331,1,1,,,380182737.35,7288056.41,,,,,,,,,,,,8752826.65,396223620.41,264996396.35,32293988.25,10290697.14,,,,,,50564995.98,358146077.72,38077542.69,2750000.0,,,,68400000.0,71150000.0,20695530.42,,,,,20695530.42,50454469.58,137621739.3,,5000000.0,142621739.3,-154355812.7271,144032430.54,3911137.04,,,147943567.58,-5321828.28,-144885.71,83065298.28,265251375.46,348316673.74,,,,,,,,,,,,,,,,,,,,,,,,,,,,
41,600226.SH,20090408,20090408,20081231,1,1,189165997.05,42227675.88,2585396308.23,55178029.77,,,,,,,,,,,,90928543.88,2731502881.88,2067012655.7,88894846.4,88141671.29,,,,,,178328578.52,2422377751.91,309125129.97,11200000.0,2326857.26,27493793.15,6063671.47,45600000.0,92684321.88,99317068.35,1808607.0,17382500.0,4500000.0,,123008175.35,-30323853.47,700391919.52,,19000000.0,719391919.52,123740058.0195,809420936.94,68884729.44,2450000.0,22900000.0,901205666.38,-181813746.86,-18444392.82,78543136.82,186708238.64,265251375.46,,,,30950792.75,88852324.82,1897452.33,,,,5150875.55,,,-66245971.14,-1315608.11,,-37352872.58,80137115.68,-24342652.26,,309125129.97,,,,265251375.46,186708238.64,,,78543136.82
42,600226.SH,20081023,20081023,20080930,1,1,,,2152924457.48,37861597.41,,,,,,,,,,,,102283869.11,2293069924.0,1773348262.07,74956257.2,74949700.11,,,,,,148383321.88,2071637541.26,221432382.74,1000000.0,24433426.41,26600000.0,5194030.3,,57227456.71,55236284.75,6171383.0,,,,61407667.75,-4180211.04,590741970.48,,,590741970.48,90337226.0133,655713885.74,62241974.28,2450000.0,21000000.0,738955860.02,-148213889.54,-18871138.06,50167144.1,186708238.64,236875382.74,,,,,,,,,,,,,,,,,,,,,,,,,,,,
43,600226.SH,20080819,20080819,20080630,1,1,118621576.6,30251066.6,1593019456.49,28114439.46,,,,,,,,,,,,81399055.62,1702532951.57,1350085895.24,53527932.57,41285203.1,,,,,,114811013.71,1559710044.62,142822906.95,1000000.0,1633426.41,26600000.0,3471958.3,,32705384.71,38731346.12,6171383.0,,,,44902729.12,-12197344.41,486250150.97,,,486250150.97,80504666.3906,430092687.78,54810220.36,2450000.0,21000000.0,505902908.14,-19652757.17,-17314354.66,93658450.71,186708238.64,280366689.35,,,,8873136.36,43534188.76,909665.58,,,,214138.94,,,-8838785.66,-1267490.75,,-51513966.61,-170187343.41,172226720.54,,142822906.95,,,,280366689.35,186708238.64,,,93658450.71
44,600226.SH,20080422,20080422,20080331,1,1,,,626409227.83,11005737.14,,,,,,,,,,,,41438141.94,678853106.91,630891965.98,30322141.68,18342478.62,,,,,,46666044.08,726222630.36,-47369523.45,1000000.0,401615.29,,1150584.3,,2552199.59,19882727.89,250685.0,,,,20133412.89,-17581213.3,259353949.98,,,259353949.98,-92958450.1814,159789352.92,6887457.18,,21000000.0,187676810.1,71677139.88,-9533008.02,-2806604.89,186708238.64,183901633.75,,,,,,,,,,,,,,,,,,,,,,,,,,,,
45,600226.SH,20080226,20080226,20071231,1,1,92784961.35,37669478.3,1872320637.13,76469556.67,,,,,,,,,,,,76608606.44,2025398800.24,1609545166.56,75402053.93,49305311.18,,,,,,178397354.23,1912649885.9,112748914.34,5398000.0,13491255.0,20621908.21,8935919.1,,48447082.31,110142472.62,47141255.0,,6975232.98,,164258960.6,-115811878.29,426022118.74,,21000000.0,447934941.22,-24462443.2306,303393234.87,64181125.55,5488000.0,21000000.0,388574360.42,59360580.8,-14320406.06,41977210.79,144731027.85,186708238.64,912822.48,912822.48,,7316406.12,82831075.46,2260875.34,171480.38,,,690044.01,1246034.75,,-29068444.68,1295214.91,,-10925817.15,-131737107.12,58501209.67,-286497.0,112748914.34,,,,186708238.64,144731027.85,,,41977210.79
46,600226.SH,20071022,20071022,20070930,1,1,,,1263454262.64,70983830.72,,,,,,,,,,,,88258374.23,1422696467.59,1111670148.98,62580874.6,38499147.98,,,,,,158079830.21,1370830001.77,51866465.82,,11426689.93,16160000.0,277330.14,,27864020.07,66010514.21,45124365.0,,,,111134879.21,-83270859.14,472549314.8,,,472549314.8,-69938278.3417,363350294.11,52881167.3,5488000.0,21000000.0,437231461.41,35317853.39,-7634997.25,-3721537.18,144731027.85,141009490.67,,,,,,,,,,,,,,,,,,,,,,,,,,,,
47,600226.SH,20070822,20070822,20070630,1,1,28966595.94,14438953.06,868915781.66,45552804.3,,,,,,,,,,,,80347648.77,994816234.73,721671216.35,44965717.24,29968082.68,,,,,,78759581.01,903696482.5,91119752.23,,9297323.89,16160000.0,227330.14,,25684654.03,39109246.83,43319295.0,,,,82428541.83,-56743887.8,189820989.07,,,189820989.07,71054415.5166,150513614.96,44458957.73,3038000.0,,194972572.69,-5151583.62,-5039328.64,24184952.17,144731027.85,168915980.02,,,,2653183.77,42810301.89,1121826.96,171480.38,,,26773.84,,,-4104915.9,1552694.15,,9435482.48,-57001288.21,51048663.87,,91119752.23,,,,168915980.02,144731027.85,,,24184952.17
48,600226.SH,20070423,20070423,20070331,1,1,,,371589476.75,21968094.8,,,,,,,,,,,,16496647.39,410054218.94,354416111.2,27340815.05,11057160.72,,,,,,58804135.8,451618222.77,-41564003.83,,94715.19,,76800.0,,171515.19,18749995.53,25050200.0,,,,43800195.53,-43628680.34,112503531.31,,,112503531.31,-74620818.323,52153402.11,3514897.44,,,55668299.55,56835231.76,-2061906.88,-30419359.29,144731027.85,114311668.56,,,,,,,,,,,,,,,,,,,,,,,,,,,,
49,600226.SH,20080226,20070420,20061231,1,1,69287057.57,24420343.57,1443586021.61,63286122.76,,,,,,,,,,,,99581541.73,1606453686.1,1178492908.8,73999257.09,27052963.67,,,,,,142590397.17,1422135526.73,184318159.37,6950000.0,5498282.25,7600000.0,1130118.0,,21178400.25,122570859.67,50000000.0,,,,172570859.67,-151392459.42,521532391.65,,,521532391.65,15808963.1563,545194768.94,49864776.77,,1209800.0,596269345.71,-74736954.06,-8066724.97,-49877979.08,194609006.93,144731027.85,,,,11913747.76,79213424.94,1153726.08,4294612.76,,,638098.33,,,-16372055.33,-1991248.43,,-37880503.74,-4322828.73,56374043.73,-2410259.14,184318159.37,,,,144731027.85,194609006.93,,,-49877979.08
50,600226.SH,20071022,20061024,20060930,1,1,,,1163776572.01,46498634.76,,,,,,,,,,,,107446470.75,1317721677.52,958521531.43,54258614.56,20146259.41,,,,,,166985694.76,1199912100.16,117809577.36,6000000.0,5498282.25,,678020.0,,12176302.25,112153590.03,,,,,112153590.03,-99977287.78,400645883.61,,,400645883.61,-162489108.88,444643640.14,44369532.88,,1209800.0,490222973.02,-89577089.41,-1038175.88,-72782975.71,194609006.93,121826031.22,,,,,,,,,,,,,,,,,,,,,,,,,,,,
51,600226.SH,20070822,20060810,20060630,1,1,35728683.23,8998417.38,726967128.12,26096707.44,,,,,,,,,,,,97519298.78,850583134.34,613483403.85,37763188.17,18107130.66,,,,,,116983950.55,786337673.23,64245461.11,6000000.0,5498282.25,,614820.0,,12113102.25,77887938.12,,,,,77887938.12,-65774835.87,241842019.2,,,241842019.2,-71354389.8213,265267081.47,40393457.85,,1209800.0,306870339.32,-65028320.12,-699259.75,-67256954.63,194609006.93,127352052.3,,,,6177921.05,36952295.48,566408.35,2278675.69,,,715188.33,,,-2841442.14,-842041.45,,5223117.03,-56358884.52,29027207.1,-1380084.42,64245461.11,,,,127352052.3,194609006.93,,,-67256954.63
52,600226.SH,20070423,20060419,20060331,1,1,,,334389502.31,14748319.08,,,,,,,,,,,,37198370.57,386336191.96,336397422.54,22452208.11,6206466.69,,,,,,46206613.72,411262711.06,-24926519.1,1000000.0,5498282.25,,234720.0,,6733002.25,42697601.43,,,,,42697601.43,-35964599.18,117389109.33,,,117389109.33,-165795982.19,93806699.88,4525075.35,,1209800.0,99541575.23,17847534.1,-281840.72,-43325424.9,194609006.93,151283582.03,,,,,,,,,,,,,,,,,,,,,,,,,,,,
53,600226.SH,20060318,20060318,20051231,1,1,75091962.35,20044899.46,1583328375.14,51901032.74,,,,,,,,,,,,115756475.06,1750985882.94,1198246164.75,58578030.89,31860478.96,,,,,,292351794.89,1581036469.49,169949413.45,11190000.0,61085226.83,5700000.0,1125543.43,,79100770.26,323251317.4,25354163.02,,81065.29,,348686545.71,-269585775.45,475721918.4,,,475721918.4,19770681.4335,306057977.75,43279786.67,,250000.0,349587764.42,126134153.98,-4540848.17,21956943.81,,,,,,7756107.95,58535017.57,1123271.65,393624.16,-201127.76,938130.7,330300.14,2996702.66,,-8488885.62,,,-29157667.28,-19201762.08,61621563.34,-1832723.79,169949413.45,,,,194609006.93,172652063.12,,,21956943.81
54,600226.SH,20051021,20051021,20050930,1,1,52557033.39,7812410.74,1126509964.82,26219927.1,,,,,,,,,,,,40139004.04,1192868895.96,944342949.11,45211111.75,25672844.53,,,,,,163712541.46,1178939446.85,13929449.11,6000000.0,50883265.53,5700000.0,393837.0,,62977102.53,249785884.43,19336542.37,,413821.86,,269536248.66,-206559146.13,374947583.23,,,374947583.23,-45165426.3633,175888971.77,37669789.88,,,213558761.65,161388821.58,-892395.4,-32133270.84,,,,,,4127290.91,41503999.35,831027.45,220732.74,-2704190.45,366514.6,1511229.03,38644.14,,-2406917.24,,,-16382264.7,-118136832.85,44590772.0,,13929449.11,,,,140518792.28,172652063.12,,,-32133270.84
55,600226.SH,20050812,20050812,20050630,1,1,35218633.48,4584602.37,749296174.25,14470374.47,,,,,,,,,,,,32437220.58,796203769.3,690514799.84,33528023.78,19881731.08,,,,,,103721273.64,847645828.34,-51442059.04,,14707768.1,,95254.0,,14803022.1,161160308.34,11722510.42,,413821.86,,173296640.62,-158493618.52,255440683.25,,,255440683.25,-43426999.0947,76979471.36,34717684.01,,,111697155.37,143743527.88,-375395.27,-66567544.95,,,,,,3085636.12,26520349.69,543187.32,138995.16,-1400207.41,865218.34,113657.18,38644.14,,49496.32,,,-18776582.04,-55065711.0,-47357978.71,,-51442059.04,,,,106084518.17,172652063.12,,,-66567544.95
56,600226.SH,20050423,20050423,20050331,1,1,19036174.28,2075664.8,351643524.93,5193824.49,,,,,,,,,,,,4815448.08,361652797.5,333158920.33,21213293.21,9809745.91,,,,,,41064940.04,405246899.49,-43594101.99,,9113455.36,,40360.0,,9153815.36,100727613.16,8625867.28,,,,109353480.44,-100199665.08,133356888.25,,,133356888.25,-69389295.3477,45988664.39,1945044.31,,,47933708.7,85423179.55,-231326.3,-58601913.82,,,,,,2955293.69,13022601.55,246374.67,69497.58,165584.77,571785.74,43855.78,38644.14,,39416.11,,,-9217181.46,-53561834.31,-19079979.33,,-43594101.99,,,,114050149.3,172652063.12,,,-58601913.82
57,600226.SH,20050308,20050308,20041231,1,1,61078665.04,4630997.56,1028821242.07,71029410.36,,,,,,,,,,,,67964221.07,1167814873.5,903847315.67,41063343.6,17701417.04,,,,,,103594323.38,1066206399.69,101608473.81,16250000.0,66121854.9,5011560.0,3772975.07,,91156389.97,235524246.03,57597979.5,,,,293122225.53,-201965835.56,299699876.65,,,308641882.15,20277019.1765,259647037.16,46832986.37,,,306480023.53,2161858.62,-1429193.32,-99624696.45,,,8942005.5,,,6825530.17,41794963.42,636971.77,580652.29,112828.31,317139.42,-400741.16,3108651.04,,-3659387.0,,,-82778097.93,-30713276.15,100185815.52,-112238.49,101608473.81,8069928.75,,,172652063.12,272276759.57,,,-99624696.45
