,ts_code,ann_date,f_ann_date,end_date,comp_type,report_type,net_profit,finan_exp,c_fr_sale_sg,recp_tax_rends,n_depos_incr_fi,n_incr_loans_cb,n_inc_borr_oth_fi,prem_fr_orig_contr,n_incr_insured_dep,n_reinsur_prem,n_incr_disp_tfa,ifc_cash_incr,n_incr_disp_faas,n_incr_loans_oth_bank,n_cap_incr_repur,c_fr_oth_operate_a,c_inf_fr_operate_a,c_paid_goods_s,c_paid_to_for_empl,c_paid_for_taxes,n_incr_clt_loan_adv,n_incr_dep_cbob,c_pay_claims_orig_inco,pay_handling_chrg,pay_comm_insur_plcy,oth_cash_pay_oper_act,st_cash_out_act,n_cashflow_act,oth_recp_ral_inv_act,c_disp_withdrwl_invest,c_recp_return_invest,n_recp_disp_fiolta,n_recp_disp_sobu,stot_inflows_inv_act,c_pay_acq_const_fiolta,c_paid_invest,n_disp_subs_oth_biz,oth_pay_ral_inv_act,n_incr_pledge_loan,stot_out_inv_act,n_cashflow_inv_act,c_recp_borrow,proc_issue_bonds,oth_cash_recp_ral_fnc_act,stot_cash_in_fnc_act,free_cashflow,c_prepay_amt_borr,c_pay_dist_dpcp_int_exp,incl_dvd_profit_paid_sc_ms,oth_cashpay_ral_fnc_act,stot_cashout_fnc_act,n_cash_flows_fnc_act,eff_fx_flu_cash,n_incr_cash_cash_equ,c_cash_equ_beg_period,c_cash_equ_end_period,c_recp_cap_contrib,incl_cash_rec_saims,uncon_invest_loss,prov_depr_assets,depr_fa_coga_dpba,amort_intang_assets,lt_amort_deferred_exp,decr_deferred_exp,incr_acc_exp,loss_disp_fiolta,loss_scr_fa,loss_fv_chg,invest_loss,decr_def_inc_tax_assets,incr_def_inc_tax_liab,decr_inventories,decr_oper_payable,incr_oper_payable,others,im_net_cashflow_oper_act,conv_debt_into_cap,conv_copbonds_due_within_1y,fa_fnc_leases,end_bal_cash,beg_bal_cash,end_bal_cash_equ,beg_bal_cash_equ,im_n_incr_cash_equ
0,600690.SH,20190430,20190430,20190331,1,1,,,49421675912.63,285338702.71,,,,,,,,,,,,1096260909.89,50803275525.23,37483129681.61,5404866583.57,2063070287.3,,,,,,4528688984.44,49479755536.92,1323519988.31,4692533.64,1006225645.16,142671678.53,183509600.45,,1337099457.78,1536865993.41,2436314478.97,2642988600.64,48510922.74,,6664679995.76,-5327580537.98,6842877477.22,,,6855266788.01,-2665899137.3074,3236695125.56,89327191.79,,304245626.88,3630267944.23,3224998843.78,-140942937.33,-920004643.22,36044777414.04,35124772770.82,12389310.79,,,,,,,,,,,,,,,,,,,,,,,,,,,
1,600690.SH,20190430,20190430,20181231,1,1,9770599861.25,1382703691.88,188502180240.53,1020648785.98,,,,,,,,,,,,1399241411.6,190922070438.11,129527764143.78,19535008791.13,8929864726.88,,,,,,13995179877.16,171987817538.95,18934252899.16,124732422.41,732403890.79,241445771.93,471243957.95,660267394.34,2230093437.42,6757036466.58,3016793911.86,103834291.75,18073550.0,,9895738220.19,-7665644782.77,12700627739.4,2983580454.5,55243447.3,18708209589.74,9232414051.5919,22418202111.13,3819915954.99,,2959445042.86,29197563108.98,-10489353519.24,277347107.36,1056601704.51,34988175709.53,36044777414.04,2968757948.54,,,857798017.63,2548065369.34,551332829.92,40491496.8,,,-214439336.05,,145191723.49,-1923204044.99,37008484.28,271283752.45,-680273520.74,2147854561.45,4149408259.78,-149568247.33,18934252899.16,,,,36044777414.04,34988175709.53,,,1056601704.51
2,600690.SH,20181031,20181031,20180930,1,1,,,136356353258.31,1046920477.01,,,,,,,,,,,,589436216.22,137992709951.54,94027674890.45,14351219932.92,6353081563.62,,,,,,12211553757.49,126943530144.48,11049179807.06,106361571.07,3057186798.56,284197818.4,312264347.04,630890842.99,4390901378.06,4448216757.39,9128017281.0,2143193029.63,22812827.94,,15742239895.96,-11351338517.9,12010235777.28,,,12722796048.19,890589460.9427,10654594243.08,2757273989.73,,684267226.55,14096135459.36,-1373339411.17,372206915.04,-1303291206.97,34988175709.53,33684884502.56,712560270.91,,,,,,,,,,,,,,,,,,,,,,,,,,,
3,600690.SH,20180831,20180831,20180630,1,1,5938417678.48,555821678.49,88990747210.36,512976383.25,,,,,,,,,,,,506972932.99,90010696526.6,63858636542.27,9237917423.8,4590954706.19,,,,,,6954801900.32,84642310572.58,5368385954.02,102448074.88,2089760985.51,243774322.52,66472237.59,,2502455620.5,2737429642.03,2541755500.75,,72282503.66,,5351467646.44,-2849012025.94,4509988283.98,,,4590410924.18,1431097897.2182,6528030681.51,2233319529.73,,513528122.08,9274878333.32,-4684467409.14,10109446.43,-2154984034.63,34340013574.22,32185029539.59,80422640.2,,,178242971.93,1169416194.62,196112489.84,22351847.7,,,15525678.02,,-36661921.5,-867458988.96,110034637.01,-160555627.1,-1211765239.79,-4038288227.69,3405405176.07,91787606.9,5368385954.02,,,,32185029539.59,34340013574.22,,,-2154984034.63
4,600690.SH,20180426,20180426,20180331,1,1,,,39294461022.85,242113942.09,,,,,,,,,,,,244653473.68,39781228438.62,26876400215.94,4552161808.21,2146684682.86,,,,,,4215046987.16,37790293694.17,1990934744.45,67249789.1,12305650.0,112610536.61,38778216.12,,230944191.83,1391128737.25,289116220.14,,15000.0,,1680259957.39,-1449315765.56,3589764080.03,,58950000.0,3656992215.69,724833688.6988,5291464063.74,38225632.87,,62515783.81,5392205480.42,-1735213264.73,-396885933.47,-1590480219.31,34340013574.22,32749533354.91,8278135.66,,,,,,,,,,,,,,,,,,,,,,,,,,,
5,600690.SH,20180426,20180426,20171231,1,1,9051649184.04,1214335487.98,163243966287.71,1138156799.93,,,,,,,,,,,,1097869725.17,165479992812.81,111342509878.34,16328642238.15,7835178863.95,,,,,,13887073804.06,149393404784.5,16086588028.31,191730448.52,275405926.37,282045768.46,191270429.93,23620711.45,964073284.73,3967160912.29,2566398552.06,52334438.58,,,6585893902.93,-5621820618.2,18694640060.56,6796000000.0,,26870629858.82,10622782444.0847,22922113456.97,2898969569.61,,126660039.02,25947743065.6,922886793.22,-342880074.16,11044774129.17,23295239445.05,34340013574.22,1379989798.26,,,655916881.23,2404673250.76,334555230.49,36706751.0,,,90936217.46,,-614071259.47,-1481800064.82,-329983599.43,159569346.43,-6726791971.64,694351560.41,10188558879.93,407982133.94,16086588028.31,1223220143.7,,,34340013574.22,23295239445.05,,,11044774129.17
6,600690.SH,20171031,20171031,20170930,1,1,,,139498787397.46,933453763.81,,,,,,,,,,,,641640968.26,141073882129.53,99997320327.27,11219814215.75,5736748757.22,,,,,,9959945830.35,126913829130.59,14160052998.94,,52073162.58,240271551.96,44493426.47,155037270.54,491875411.55,2614123880.97,2597591667.47,88429231.46,,,5300144779.9,-4808269368.35,16802698248.06,,1731609.42,18151721942.58,9739985135.8882,16985670538.25,2010741534.99,,47799254.84,19044211328.08,-892489385.5,-184484131.52,8274810113.57,23510900890.49,31785711004.06,1347292085.1,,,,,,,,,,,,,,,,,,,,,,,,,,,
7,600690.SH,20170828,20170828,20170630,1,1,5285030512.55,612416699.07,74797892675.82,483646574.65,,,,,,,,,,,,548371812.58,75829911063.05,51715675906.49,7124394856.33,3532854592.59,,,,,,5063784801.46,67436710156.87,8393200906.18,75828.87,13500000.0,111755467.37,38490006.64,5916992.24,169738295.12,1682795106.07,811857006.21,54786726.52,,,2549438838.8,-2379700543.68,12542711276.95,,,12945988876.82,-3189296645.0977,13163829731.76,130616690.52,,35275991.53,13329722413.81,-383733536.99,-74883290.0,5554883535.51,23217634558.1,28772518093.61,403277599.87,,,222576960.82,1156148562.88,173770721.87,9834689.02,,,418828.94,,-412063845.15,-653842714.35,274672665.4,-295507288.73,-2086128150.16,-660451774.62,4614484067.71,151840970.93,8393200906.18,1223220143.7,,,28772518093.61,23217634558.1,,,5554883535.51
8,600690.SH,20170828,20170828,20170630,1,1,5285030512.55,612416699.07,74797892675.82,483646574.65,,,,,,,,,,,,548371812.58,75829911063.05,51715675906.49,7124394856.33,3532854592.59,,,,,,5063784801.46,67436710156.87,8393200906.18,75828.87,13500000.0,111755467.37,38490006.64,5916992.24,169738295.12,1682795106.07,811857006.21,54786726.52,,,2549438838.8,-2379700543.68,12542711276.95,,,12945988876.82,8718192042.8174,13163829731.76,130616690.52,,35275991.53,13329722413.81,-383733536.99,-74883290.0,5554883535.51,23217634558.1,28772518093.61,403277599.87,,,222576960.82,1156148562.88,173770721.87,9834689.02,,,418828.94,,-412063845.15,-653842714.35,274672665.4,-295507288.73,-2086128150.16,-660451774.62,4614484067.71,151840970.93,8393200906.18,1223220143.7,,,28772518093.61,23217634558.1,,,5554883535.51
9,600690.SH,20170429,20170429,20170331,1,1,,,42011240928.44,304077593.23,,,,,,,,,,,,368100490.83,42683419012.5,27205411997.47,4823602031.78,1619780649.63,,,,,,3225305802.36,36874100481.24,5809318531.26,,7431782.63,64142955.22,198536.43,,71773274.28,727109962.07,349845557.45,,,,1076955519.52,-1005182245.24,10375831949.73,,,10398079597.73,-6617505703.0317,11291851345.83,74495510.24,,16702520.08,11383049376.15,-984969778.42,29626248.31,3848792755.91,23217552160.91,27066344916.82,22247648.0,,,,,,,,,,,,,,,,,,,,,,,,,,,
10,600690.SH,20170429,20170429,20170331,1,1,,,42011240928.44,304077593.23,,,,,,,,,,,,368100490.83,42683419012.5,27205411997.47,4823602031.78,1619780649.63,,,,,,3225305802.36,36874100481.24,5809318531.26,,7431782.63,64142955.22,198536.43,,71773274.28,727109962.07,349845557.45,,,,1076955519.52,-1005182245.24,10375831949.73,,,10398079597.73,4226371509.7163,11291851345.83,74495510.24,,16702520.08,11383049376.15,-984969778.42,29626248.31,3848792755.91,23217552160.91,27066344916.82,22247648.0,,,,,,,,,,,,,,,,,,,,,,,,,,,
11,600690.SH,20170429,20170429,20161231,1,1,6691334335.63,789048547.63,136536552386.49,798964560.74,,,,,,,,,,,,1233766579.83,138569283527.06,101311805015.65,12131059897.68,6348102725.69,,,,,,10723611286.74,130514578925.76,8054704601.3,10042470.81,682200570.32,130529291.68,260932344.56,41133607.21,1124838284.58,2597989424.73,1448790904.93,36647350833.82,27136079.07,,40721267242.55,-39596428957.97,43446247876.57,,,43540430766.0,25917475192.6667,11685054603.51,1807044796.22,,223282344.35,13715381744.08,29825049021.92,209724192.09,-1506951142.66,24724585700.76,23217634558.1,94182889.43,,,490548371.52,2149558323.86,241325547.38,32843689.24,,,3064257.71,,-94648076.07,-1619717433.78,-398120606.4,571106794.14,-1659578856.98,-3029172821.19,4250284575.76,-363172047.15,8054704601.3,,1223220143.7,,23217634558.1,24724585700.76,,,-1506951142.66
12,600690.SH,20161029,20161029,20160930,1,1,,,90002652626.14,493184401.0,,,,,,,,,,,,650776845.97,91146613873.11,64450716687.38,7767525614.61,5149786245.37,,,,,,8844203028.15,86212231575.51,4934382297.6,3693847.5,580469201.21,132888904.12,26085548.94,,743137501.77,2038731228.23,1201539611.53,36398588501.66,3861165.47,,39642720506.89,-38899583005.12,37147302314.09,,,37158142078.52,-819197147.4211,6080035623.81,1767259255.68,,168740536.91,8016035416.4,29142106662.12,-56542507.96,-4879636553.36,24724585700.76,19844949147.4,10839764.43,,,,,,,,,,,,,,,,,,,,,,,,,,,
13,600690.SH,20161029,20161029,20160930,1,1,,,90002652626.14,493184401.0,,,,,,,,,,,,650776845.97,91146613873.11,64450716687.38,7767525614.61,5149786245.37,,,,,,8844203028.15,86212231575.51,4934382297.6,3693847.5,580469201.21,132888904.12,26085548.94,,743137501.77,2038731228.23,1201539611.53,36398588501.66,3861165.47,,39642720506.89,-38899583005.12,37147302314.09,,,37158142078.52,17075296307.8817,6080035623.81,1767259255.68,,168740536.91,8016035416.4,29142106662.12,-56542507.96,-4879636553.36,24724585700.76,19844949147.4,10839764.43,,,,,,,,,,,,,,,,,,,,,,,,,,,
14,600690.SH,20160831,20160831,20160630,1,1,3971842202.21,197158970.54,49016704968.11,324681172.08,,,,,,,,,,,,441762351.22,49783148491.41,31017533105.36,4555848831.85,3993432606.6,,,,,,5461777564.91,45028592108.72,4754556382.69,3693847.5,537931064.15,45278736.34,24238142.21,,611141790.2,1020054184.72,424187569.41,36161700507.07,3968381.9,,37609910643.1,-36998768852.9,31315006673.29,,,31331906736.99,17490482090.7214,1636907891.06,123970737.14,,130068034.68,1890946662.88,29440960074.11,-25818334.76,-2829070730.86,24724585700.76,21895514969.9,16900063.7,,,196186666.06,671372916.51,51395463.2,16414091.19,,,-167680746.72,,182258158.84,-1029193799.84,-29728891.88,75168031.88,586856577.31,24497917.0,-14090986.86,22099813.25,4754556382.69,,,,21895514969.9,24724585700.76,,,-2829070730.86
15,600690.SH,20160429,20160429,20160331,1,1,,,23378413688.69,161738589.9,,,,,,,,,,,,256922174.46,23797074453.05,16813725773.98,2313643719.64,965061769.57,,,,,,2658406111.31,22750837374.5,1046237078.55,11123166.05,194225684.95,25035717.24,3387137.81,,233771706.05,490447523.25,142669740.0,,182684.36,,633299947.61,-399528241.56,1805507042.76,,,1813212332.54,728213142.1969,1586982780.31,8300133.4,,128992855.8,1724275769.51,88936563.03,10988540.84,746633940.86,24724585700.76,25471219641.62,7705289.78,,,,,,,,,,,,,,,,,,,,,,,,,,,
16,600690.SH,20160429,20160429,20160331,1,1,,,23378413688.69,161738589.9,,,,,,,,,,,,256922174.46,23797074453.05,16813725773.98,2313643719.64,965061769.57,,,,,,2658406111.31,22750837374.5,1046237078.55,11123166.05,194225684.95,25035717.24,3387137.81,,233771706.05,490447523.25,142669740.0,,182684.36,,633299947.61,-399528241.56,1805507042.76,,,1813212332.54,423251236.0874,1586982780.31,8300133.4,,128992855.8,1724275769.51,88936563.03,10988540.84,746633940.86,24724585700.76,25471219641.62,7705289.78,,,,,,,,,,,,,,,,,,,,,,,,,,,
17,600690.SH,20160429,20160429,20151231,1,1,5922089488.83,119256405.78,110869088852.15,612217878.12,,,,,,,,,,,,985008101.39,112466314831.66,81161991549.29,7864497365.88,7272435363.68,,,,,,10587789939.88,106886714218.73,5579600612.93,10972523.38,1053008693.06,108134781.31,11208475.16,498099921.65,1681424394.56,2491741022.92,3709219060.7,5672266259.21,81601742.2,,11954828085.03,-10273403690.47,6603489224.9,,17063242.5,6963031613.29,6902234288.1777,6939990302.96,1764209204.58,,154442801.98,8858642309.52,-1895610696.23,151920567.09,-6437493206.68,31120319710.77,24682826504.09,342479145.89,,,318011645.05,954472334.59,54390991.97,44695125.22,,,-10303274.69,,90223059.5,-1320302216.61,-58736355.41,-12388999.56,372583766.58,4490806802.27,-5183054157.18,-202144003.41,5579600612.93,789445397.59,,24232599.76,24682826504.09,31120319710.77,,,-6437493206.68
18,600690.SH,20151031,20151031,20150930,1,1,,,69964673787.87,299067747.96,,,,,,,,,,,,584976315.98,70848717851.81,51406897809.31,5329960904.93,5078631004.15,,,,,,7679751785.51,69495241503.9,1353476347.91,11312522.41,620705191.98,104163076.26,46462225.89,195500000.0,978143016.54,1501499313.2,3165169408.85,327787311.03,67792091.42,,5062248124.5,-4084105107.96,897258324.07,,,1189959283.54,2935945603.5702,985588024.07,1674904827.7,,169898012.18,2830390863.95,-1640431580.41,56407162.23,-4314653178.23,28538937686.56,24224284508.33,292700959.47,,,,,,,,,,,,,,,,,,,,,,,,,,,
19,600690.SH,20150829,20150829,20150630,1,1,3300165716.68,64373588.5,42652995304.77,170075279.33,,,,,,,,,,,,340640993.14,43163711577.24,30277210401.92,3770946150.42,3580004696.97,,,,,,3889872446.91,41518033696.22,1645677881.02,3512523.38,508462700.0,104622600.63,45713477.59,10500000.0,672811301.6,955757260.37,2957353607.47,327787311.03,67792091.42,,4308690270.29,-3635878968.69,700357399.22,,,742310794.22,2081551941.3065,701257399.22,25832861.07,,11168362.37,738258622.66,4052171.56,-3215026.93,-1989363943.04,28538937686.56,26549573743.52,41953395.0,,,148325325.4,346714118.22,13236310.77,14948151.44,,,-30446322.12,,,-468159791.09,-112255709.8,-4186.14,1218713478.16,-624395089.46,-2280348350.51,54810640.97,1645677881.02,,,,26549573743.52,28538937686.56,,,-1989363943.04
20,600690.SH,20150430,20150430,20150331,1,1,,,23257704267.19,139742271.15,,,,,,,,,,,,276984261.6,23674430799.94,15717551331.28,1964660057.94,1655804643.38,,,,,,2513383924.98,21851399957.58,1823030842.36,,,6374444.88,,,6374444.88,562130684.08,1663821442.16,,,,2225952126.24,-2219577681.36,730105566.22,,,746001066.22,1768456146.8472,70100000.0,11946363.58,,,82046363.58,663954702.64,1833272.97,269241136.61,28538937686.56,28808178823.17,15895500.0,,,,,,,,,,,,,,,,,,,,,,,,,,,
21,600690.SH,20150331,20150331,20141231,1,1,6692262168.52,128729628.64,91216786100.62,305811255.88,,,,,,,,,,,,662090262.02,92184687618.52,64246239281.52,6935223384.27,5523985779.94,,,,,,8472658809.81,85178107255.54,7006580362.98,43084247.15,4646396.33,70236329.5,96687886.67,404649672.19,619304531.84,2005431835.29,1864948812.6,,,,3870380647.89,-3251076116.05,1268660300.2,1055023469.62,,7399254395.4,-1177469673.4544,1483038751.13,1468290610.24,,88598125.53,3039927486.9,4359326908.5,3029438.71,8117860594.14,20421077092.42,28538937686.56,5075570625.58,,,189913664.12,705402626.15,47912416.19,29534084.53,,,-53460825.89,,,-1237475844.32,10938898.57,-1032351.05,-772901498.91,-1329939755.78,2447768372.52,148928779.69,7006580362.98,,,,28538937686.56,20421077092.42,,,8117860594.14
22,600690.SH,20150331,20150331,20141231,1,1,6692262168.52,128729628.64,91216786100.62,305811255.88,,,,,,,,,,,,662090262.02,92184687618.52,64246239281.52,6935223384.27,5523985779.94,,,,,,8472658809.81,85178107255.54,7006580362.98,43084247.15,4646396.33,70236329.5,96687886.67,404649672.19,619304531.84,2005431835.29,1864948812.6,,,,3870380647.89,-3251076116.05,1268660300.2,1055023469.62,,7399254395.4,3954955191.6908,1483038751.13,1468290610.24,,88598125.53,3039927486.9,4359326908.5,3029438.71,8117860594.14,20421077092.42,28538937686.56,5075570625.58,,,189913664.12,705402626.15,47912416.19,29534084.53,,,-53460825.89,,,-1237475844.32,10938898.57,-1032351.05,-772901498.91,-1329939755.78,2447768372.52,148928779.69,7006580362.98,,,,28538937686.56,20421077092.42,,,8117860594.14
23,600690.SH,20141031,20141031,20140930,1,1,,,68801956687.57,296729777.37,,,,,,,,,,,,310832793.05,69409519257.99,47734651259.97,4811046912.78,4156016138.92,,,,,,7281381362.27,63983095673.94,5426423584.05,,4399611.29,31640226.3,60383619.24,404649672.19,501073129.02,1528632284.42,300951492.11,,,,1829583776.53,-1328510647.51,1520298963.71,,,6408564693.63,-4619437441.5131,704778445.01,1408086835.92,,49698410.38,2162563691.31,4246001002.32,8924752.85,8352838691.71,20421086494.74,28773925186.45,4888265729.92,1626377380.11,,,,,,,,,,,,,,,,,,,,,,,,,,
24,600690.SH,20140829,20140829,20140630,1,1,3296502168.57,63444759.91,45166648500.63,183463836.21,,,,,,,,,,,,174864462.12,45524976798.96,31168777635.28,3533606939.14,2959925754.43,,,,,,4129369142.64,41791679471.49,3733297327.47,,4399611.29,4000000.0,60383619.24,,68783230.53,1012341351.21,279768677.11,,,,1292110028.32,-1223326797.79,1290936943.46,,,2908988638.43,2414774336.6958,374922838.83,1258178213.56,,,1633101052.39,1275887586.04,14480115.31,3800338231.03,20421077092.42,24221415323.45,1618051694.97,,,73309803.7,331733416.2,11447147.63,8495362.87,,,-71393506.77,,,-314269574.87,12182591.96,7526524.69,1238949195.44,-2461948668.07,1527737415.99,9580690.22,3733297327.47,,,,24221415323.45,20421077092.42,,,3800338231.03
25,600690.SH,20140429,20140429,20140331,1,1,,,22397832405.37,128255085.43,,,,,,,,,,,,160930133.67,22687017624.47,15532052694.85,1774141887.68,1112368151.13,,,,,,2477590466.74,20896153200.4,1790864424.07,,120000.0,4000000.0,,,4120000.0,577082831.21,43364996.33,,,,620447827.54,-616327827.54,1041973364.76,,,2282035519.62,-2353890742.739,27865166.15,1025580.62,,,28890746.77,2253144772.85,13715628.15,3441396997.53,20405112869.95,23846509867.48,1240062154.86,,,,,,,,,,,,,,,,,,,,,,,,,,,
26,600690.SH,20140429,20140429,20131231,1,1,5551281062.3,105467632.88,79292928420.05,387845154.66,,,,,,,,,,,,438609594.29,80119383169.0,53918148576.49,6402087867.82,5222744980.34,,,,,,8066072294.9,73609053719.55,6510329449.45,19051047.74,49880000.0,816936510.35,360469851.46,,1246337409.55,1751261032.56,870761398.22,,,,2622022430.78,-1375685021.23,1378815652.27,,,1759839680.04,1159601395.1079,1293798046.15,1390673160.94,,,2684471207.09,-924631527.05,-26865704.2,4183147196.97,16221965672.98,20405112869.95,381024027.77,,,217414573.78,647124418.89,22134808.29,21137810.98,,,-319858773.88,,,-621873634.53,-171185092.0,1534480.98,28576982.12,-5733621388.14,6652232468.06,109964099.72,6510329449.45,,,,20405112869.95,16221965672.98,,,4183147196.97
27,600690.SH,20131031,20131031,20130930,1,1,,,58594550180.38,266856020.72,,,,,,,,,,,,431540322.97,59292946524.07,38178588195.5,4643935047.7,4010000779.76,,,,,,7437271981.32,54269796004.28,5023150519.79,,49880000.0,16909569.87,357279915.02,,424069484.89,1171217858.0,16496874.42,,11500000.0,,1199214732.42,-775145247.53,322116010.71,,,457923782.37,1114900250.0736,300254000.0,1117656009.9,,7862530.66,1425772540.56,-967848758.19,-17122246.34,3263034267.73,16221965672.98,19484999940.71,135807771.66,,,,,,,,,,,,,,,,,,,,,,,,,,,
28,600690.SH,20130828,20130828,20130630,1,1,2701538048.76,41649631.03,37218796262.35,246860378.35,,,,,,,,,,,,200835681.35,37666492322.05,23850889949.43,3134063512.35,2910195068.8,,,,,,4335995080.42,34231143611.0,3435348711.05,,49880000.0,,2460922.72,,52340922.72,605169240.23,6500000.0,,11500000.0,,623169240.23,-570828317.51,18000000.0,,,122830023.42,1360020748.5249,24800000.0,1018148539.01,,7862530.66,1050811069.67,-927981046.25,-14650593.87,1921888753.42,16221965672.98,18143854426.4,104830023.42,,,123162423.02,298498736.7,46237736.04,6201197.95,,,3871261.18,,,-296517331.55,-76161083.36,407337.03,1705735380.12,-3852276562.75,2665147349.96,67854586.92,3435348711.05,,,,18143854426.4,16221965672.98,,,1921888753.42
29,600690.SH,20130419,20130419,20130331,1,1,,,18590577837.48,100655435.68,,,,,,,,,,,,112691378.41,18803924651.57,12309810341.3,1671858993.61,773236554.75,,,,,,2342784481.22,17097690370.88,1706234280.69,,,,72460.0,,72460.0,172579370.36,,,,,172579370.36,-172506910.36,6161464.42,,,82813031.92,-151741805.5901,,4669997.97,,,4669997.97,78143033.95,-6208659.37,1605661744.91,16221965672.98,17827627417.89,76651567.5,,,,,,,,,,,,,,,,,,,,,,,,,,,
30,600690.SH,20130321,20130321,20121231,1,1,4360610580.93,115765879.25,64504721712.24,296289792.55,,,,,,,,,,,,424081269.25,65225092774.04,41864116926.94,5613514868.05,4942780264.01,,,,,,7285888852.63,59706300911.63,5518791862.41,,,41999707.88,4523844.21,,46523552.09,1227995202.35,,,,,1227995202.35,-1181471650.26,1165175533.64,,438600000.0,1788632396.57,3732824302.9321,1168393400.0,1088774744.83,,,2257168144.83,-468535748.26,-8905108.0,3859879355.89,12362086317.09,16221965672.98,184856862.93,,,199880785.72,627637524.65,23747173.26,11785419.62,,,5038706.83,,,-542586538.35,-144902964.52,3395051.75,-1238280542.87,-3782162998.76,5751580564.69,127283220.21,5518791862.41,,,,16221965672.98,12362086317.09,,,3859879355.89
31,600690.SH,20121031,20121031,20120930,1,1,,,44025121715.42,309739086.95,,,,,,,,,,,,403179381.89,44738040184.26,27221574520.07,4317451392.74,3178203364.98,,,,,,5127424646.81,39844653924.6,4893386259.66,,,39380992.43,611079.54,,39992071.97,913397521.08,100000000.0,300000.0,,,1013697521.08,-973705449.11,335905196.76,,,420190138.89,176856278.1258,392835000.0,1099522699.55,,,1492357699.55,-1072167560.66,1477944.45,2848991194.34,12362086317.09,15211077511.43,84284942.13,,,,,,,,,,,,,,,,,,,,,,,,,,,
32,600690.SH,20120831,20120831,20120630,1,1,2394813670.95,70929640.14,29554260129.41,202224191.02,,,,,,,,,,,,215945132.98,29972429453.41,17836197048.02,2915156912.69,2137376961.29,,,,,,3698176341.64,26586907263.64,3385522189.77,,,22436121.46,611079.54,,23047201.0,607043678.64,,,,,607043678.64,-583996477.64,26614031.79,,,82373237.25,2283373331.1998,25000000.0,797644047.84,,,822644047.84,-740270810.59,16018894.78,2077273796.32,12362086317.09,14439360113.41,55759205.46,,,21673219.68,276890755.83,6975737.51,7767753.28,,,-763392.04,,,-292792018.15,-24262701.33,,1333502480.28,-432279513.62,23821932.24,-755375.0,3385522189.77,,,,14439360113.41,12362086317.09,,,2077273796.32
33,600690.SH,20120427,20120427,20120331,1,1,,,17415895888.91,136620175.21,,,,,,,,,,,,26700011.48,17579216075.6,11738431571.64,1555878905.93,826286237.33,,,,,,1884721444.58,16005318159.48,1573897916.12,,,615369.32,,,615369.32,266103600.36,,,,,266103600.36,-265488231.04,,,,65501011.62,-86949491.5377,3000000.0,50860246.21,,,53860246.21,11640765.41,821863.26,1320872313.75,12365426807.37,13686299121.12,65501011.62,,,,,,,,,,,,,,,,,,,,,,,,,,,
34,600690.SH,20120331,20120331,20111231,1,1,3647662677.5,52387213.31,59555333928.8,299913410.8,,,,,,,,,,,,596914450.98,60452161790.58,38448308626.36,5139022242.52,3724147241.87,,,,,,6934004878.89,54245482989.64,6206678800.94,,50569001.3,4838563.54,3216409.76,,58623974.6,1584316438.51,2986335687.06,,,,4570652125.57,-4512028150.97,2054332743.22,,,2231454973.91,4120089509.9539,955036088.0,514846565.01,,6324276.46,1476206929.47,755248044.44,-66130227.26,2383768467.15,9976499811.13,12360268278.28,177122230.69,,,157570433.07,577500716.23,36300697.36,4554401.9,,,1327266.22,,,-420764850.88,-174891979.85,-430610.61,-1951557285.05,-1920424562.47,6201732698.87,-4288014.66,6206678800.94,,,,12360268278.28,9976499811.13,,,2383768467.15
35,600690.SH,20111028,20111028,20110930,1,1,,,45163230852.61,302763717.33,,,,,,,,,,,,370914284.75,45836908854.69,25745553250.03,3756461276.03,3511051146.36,,,,,,6561892825.74,39574958498.16,6261950356.53,,46095869.46,3961253.64,6078047.24,,56135170.34,1002702140.76,466206391.24,1449461998.42,,,2918370530.42,-2862235360.08,379050000.0,874438510.0,,1359160477.76,1538133556.9672,172126200.0,238302318.07,,502786379.81,913214897.88,445945579.88,-39185678.31,3806474898.02,9962288723.73,13768763621.75,105671967.76,,,,,,,,,,,,,,,,,,,,,,,,,,,
36,600690.SH,20110831,20110831,20110630,1,1,1990031586.57,15016759.73,34432205119.21,156119873.19,,,,,,,,,,,,200516349.36,34788841341.76,21446971939.28,2904849504.83,2191739810.86,,,,,,3664161434.32,30207722689.29,4581118652.47,,,3792744.86,6078047.24,,9870792.1,605075086.88,,1215561998.32,,,1820637085.2,-1810766293.1,10000000.0,,,96680528.0,2237232917.5928,99126200.0,81167599.35,,364186379.81,544480179.16,-447799651.16,-15514428.58,2307038279.63,9962288723.73,12269327003.36,86680528.0,,,54448341.39,280484429.23,23283295.14,1139488.05,,,380536.76,,,-210865291.0,-90150826.24,,-127460554.02,-2877395243.93,5584317722.83,-62111592.04,4581118652.47,,,,12269327003.36,9962288723.73,,,2307038279.63
37,600690.SH,20110427,20110427,20110331,1,1,,,12651684124.83,54413214.48,,,,,,,,,,,,102861318.2,12808958657.51,6849090448.59,1189778447.01,659483720.78,,,,,,1897390822.72,10595743439.1,2213215218.41,,,10826.94,442170.0,,452996.94,366337644.45,,,,,366337644.45,-365884647.51,,,,26338359.0,-200378884.7198,4126200.0,34280796.09,,,38406996.09,-12068637.09,-9242306.76,1826019627.05,9629209515.96,11455229143.01,26338359.0,,,,,,,,,,,,,,,,,,,,,,,,,,,
38,600690.SH,20110331,20110331,20101231,1,1,2824284191.26,100342727.96,56590410548.34,275619669.81,,,,,,,,,,,,825201104.75,57691231322.9,39223188707.54,4004260489.83,2630243198.63,,,,,,6249913529.56,52107605925.56,5583625397.34,,1027400.0,259349907.91,5361119.39,1955800.0,267694227.3,1264216542.14,2533908805.19,,,,3798125347.33,-3530431120.03,2170902056.0,,,2305997298.69,1242927505.4563,1868830276.0,608296645.77,,,2477126921.77,-171129623.08,-64091369.14,1817973285.09,7811236230.87,9629209515.96,135095242.69,,,46350410.47,432256930.62,16422475.95,768948.7,,,3041343.68,,,-263666041.69,-214075702.49,,-1461946661.55,-1914408113.66,5919464106.63,94790781.46,5583625397.34,,,,9629209515.96,7811236230.87,,,1817973285.09
39,600690.SH,20101029,20101029,20100930,1,1,,,46457815989.12,193600396.67,,,,,,,,,,,,735964502.07,47387380887.86,31574628872.09,2925374042.41,2407984898.78,,,,,,4476926665.89,41384914479.17,6002466408.69,,,257881061.26,1430311.0,,259311372.26,597494449.56,2023395944.5,,,,2620890394.06,-2361579021.8,1772190776.0,,,1787779914.0,4093533471.824,1304076000.0,548030788.82,,,1852106788.82,-64326874.82,-7775723.89,3568784788.18,7575726472.87,11144511261.05,15589138.0,,,,,,,,,,,,,,,,,,,,,,,,,,,
40,600690.SH,20101029,20101029,20100930,1,1,,,46457815989.12,193600396.67,,,,,,,,,,,,735964502.07,47387380887.86,31574628872.09,2925374042.41,2407984898.78,,,,,,4476926665.89,41384914479.17,6002466408.69,,,257881061.26,1430311.0,,259311372.26,597494449.56,2023395944.5,,,,2620890394.06,-2361579021.8,1772190776.0,,,1787779914.0,344189206.1598,1304076000.0,548030788.82,,,1852106788.82,-64326874.82,-7775723.89,3568784788.18,7575726472.87,11144511261.05,15589138.0,,,,,,,,,,,,,,,,,,,,,,,,,,,
41,600690.SH,20100827,20100827,20100630,1,1,1356474418.35,10100871.21,26338698010.66,96305973.74,,,,,,,,,,,,294029544.31,26729033528.71,16723753332.18,1938606016.45,1684772094.67,,,,,,2190641074.03,22537772517.33,4191261011.38,,,108597.52,23009.0,,131606.52,337821843.04,1743152164.68,,,,2080974007.72,-2080842401.2,993702000.0,,,999489443.0,72531310.3268,993702000.0,95501996.02,,,1089203996.02,-89714553.02,-3662301.14,2017041756.02,7575726472.87,9592768228.89,5787443.0,,,31612134.57,194696837.3,8254172.35,388149.34,,,717613.13,,,-93781377.58,845077.24,-106027.0,-404324557.99,-2057657997.52,5144041697.98,,4191261011.38,,,,9592768228.89,7575726472.87,,,2017041756.02
42,600690.SH,20100429,20100429,20100331,1,1,,,11571776526.15,70796051.45,,,,,,,,,,,,78087957.29,11720660534.89,6232590164.49,1028811688.89,419616831.35,,,,,,1910500250.65,9591518935.38,2129141599.51,,,,1599776.0,,1599776.0,194573033.34,1706830814.14,,,,1901403847.48,-1899804071.48,,,,,544368302.5041,,8821267.06,,,8821267.06,-8821267.06,-409313.4,220106947.57,7575726472.97,7795833420.54,,,,,,,,,,,,,,,,,,,,,,,,,,,,
43,600690.SH,20100429,20100429,20100331,1,1,,,11571776526.15,70796051.45,,,,,,,,,,,,78087957.29,11720660534.89,6232590164.49,1028811688.89,419616831.35,,,,,,1910500250.65,9591518935.38,2129141599.51,,,,1599776.0,,1599776.0,194573033.34,1706830814.14,,,,1901403847.48,-1899804071.48,,,,,1944965062.9384,,8821267.06,,,8821267.06,-8821267.06,-409313.4,220106947.57,7575726472.97,7795833420.54,,,,,,,,,,,,,,,,,,,,,,,,,,,,
44,600690.SH,20100419,20100419,20091231,1,1,1374608129.03,12403923.05,23858893773.79,124474979.73,,,,,,,,,,,,232136269.97,24215505023.49,12576097906.52,2040334569.43,1937192064.54,,,,,,3035617939.98,19589242480.47,4626262543.02,,,26369643.71,285000.0,,26654643.71,262807958.05,,,,,262807958.05,-236153314.34,189946392.02,,,189946392.02,654735141.6367,444046392.02,315141730.69,,,759188122.71,-569241730.69,,3820867497.99,2459585964.88,6280453462.87,,,,25661478.55,343656365.68,13250673.53,394842.33,,,2396462.75,,,-167071754.33,29243764.1,,107956447.45,-1342273704.48,4226035915.36,,4626262543.02,,,,6280453462.87,2459585964.88,,,3820867497.99
45,600690.SH,20091023,20091023,20090930,1,1,,,16795262738.99,126407059.91,,,,,,,,,,,,65470334.9,16987140133.8,7196810363.41,1543145000.1,1597148588.19,,,,,,1937462552.33,12274566504.03,4712573629.77,,,25913939.83,285000.0,,26198939.83,208240598.63,,,,,208240598.63,-182041658.8,165166392.02,,,165166392.02,4205137846.3219,327913499.03,313248767.81,,,641162266.84,-475995874.82,,4054536096.15,2459585964.88,6514122061.03,,,,,,,,,,,,,,,,,,,,,,,,,,,,
46,600690.SH,20091023,20091023,20090930,1,1,,,16795262738.99,126407059.91,,,,,,,,,,,,65470334.9,16987140133.8,7196810363.41,1543145000.1,1597148588.19,,,,,,1937462552.33,12274566504.03,4712573629.77,,,25913939.83,285000.0,,26198939.83,208240598.63,,,,,208240598.63,-182041658.8,165166392.02,,,165166392.02,273440139.2182,327913499.03,313248767.81,,,641162266.84,-475995874.82,,4054536096.15,2459585964.88,6514122061.03,,,,,,,,,,,,,,,,,,,,,,,,,,,,
47,600690.SH,20090811,20090811,20090630,1,1,811781055.55,8800744.02,11580473768.64,38296111.43,,,,,,,,,,,,41945364.24,11660715244.31,4654887678.75,1023227569.08,952688609.41,,,,,,1369668475.02,8000472332.26,3660242912.05,,,25913939.83,285000.0,,26198939.83,118135162.36,0.0,,,,118135162.36,-91936222.53,146166392.02,,0.0,146166392.02,263124350.4067,195700000.0,64321602.62,,0.0,260021602.62,-113855210.6,0.0,3454451478.92,2459585964.88,5914037443.8,0.0,,,1258207.26,167060572.87,5712299.41,95271.06,,,210823.18,,,-111342543.48,-44952058.52,737471.5,6032726.97,918720930.79,1896127411.44,,3660242912.05,,,,5914037443.8,2459585964.88,,,3454451478.92
48,600690.SH,20090429,20090429,20090331,1,1,,,2724925342.01,20451624.53,,,,,,,,,,,,36724181.64,2782101148.18,561835049.44,474811502.13,400839110.33,,,,,,694031706.03,2131517367.93,650583780.25,,,,285000.0,,285000.0,65678647.85,,,,,65678647.85,-65393647.85,26317514.71,,,26317514.71,-29481251.0697,9700000.0,34006331.47,,,43706331.47,-17388816.76,,567801315.64,2459585964.88,3027387280.52,,,,,,,,,,,,,,,,,,,,,,,,,,,,
49,600690.SH,20090429,20090429,20090331,1,1,,,2724925342.01,20451624.53,,,,,,,,,,,,36724181.64,2782101148.18,561835049.44,474811502.13,400839110.33,,,,,,694031706.03,2131517367.93,650583780.25,,,,285000.0,,285000.0,65678647.85,,,,,65678647.85,-65393647.85,26317514.71,,,26317514.71,475575161.7719,9700000.0,34006331.47,,,43706331.47,-17388816.76,,567801315.64,2459585964.88,3027387280.52,,,,,,,,,,,,,,,,,,,,,,,,,,,,
50,600690.SH,20090429,20090429,20081231,1,1,978698583.16,16718233.5,17071392457.45,261731668.47,,,,,,,,,,,,157133290.79,17490257416.71,10034316195.49,1899501975.23,1432988519.19,,,,,,2805861157.19,16172667847.1,1317589569.61,1581050.7,242000.0,25913939.84,2868880.2,0.0,30605870.74,402091287.6,682599488.21,,1755937.84,,1086446713.65,-1055840842.91,179500000.0,,,181950000.0,1235137093.4908,62000000.0,342944367.48,,,404944367.48,-222994367.48,0.0,38754359.22,2420831605.66,2459585964.88,2450000.0,2450000.0,,51491051.03,313955032.72,11563491.36,12708656.01,,,4357776.71,,,-151058393.06,-101178576.09,-2808207.63,1059056268.36,-1117805974.54,241891628.08,,1317589569.61,,,,2459585964.88,2420831605.66,,,38754359.22
51,600690.SH,20081030,20081030,20080930,1,1,,,13558605303.98,144862906.91,,,,,,,,,,,,110492959.76,13813961170.65,8705505644.53,1367770236.63,1060964651.18,,,,,,2318751915.5,13452992447.84,360968722.81,,242000.0,25913939.83,2210655.15,,28366594.98,331151348.31,696528543.85,,,,1027679892.16,-999313297.18,179500000.0,,215400.82,182165400.82,882443494.7254,62000000.0,175519636.08,,,237519636.08,-55354235.26,-582844.1,-694281653.73,2420831605.66,1726549951.93,2450000.0,2450000.0,,,,,,,,,,,,,,,,,,,,,,,,,,
52,600690.SH,20080825,20080825,20080630,1,1,711506479.2,7559869.54,7080877275.17,113913375.46,,,,,,,,,,,,146000463.59,7340791114.22,4057518012.97,929351483.19,668350289.64,,,,,,1367828624.69,7023048410.49,317742703.73,,,,2160398.9,,2160398.9,180968822.3,15838800.0,,,,196807622.3,-194647223.4,150500000.0,,179311.18,153129311.18,392059091.706,32000000.0,167068067.35,,294620.2,199362687.55,-46233376.37,-524105.41,76337998.55,2420831605.66,2497169604.21,2450000.0,2450000.0,,44147965.6,155366573.01,5301979.34,18337405.86,,,-127834.42,,,-67200043.25,-67804127.36,-2122476.99,-622394819.84,-819868423.68,955040156.72,,317742703.73,,,,2497169604.21,2420831605.66,,,76337998.55
53,600690.SH,20080425,20080425,20080331,1,1,,,2782488151.3,31855045.85,,,,,,,,,,,,67171884.55,2881515081.7,1436227198.0,428721263.47,188786955.7,,,,,,599615841.59,2653351258.76,228163822.94,,,,896862.33,,896862.33,124562588.69,15838800.0,,,,140401388.69,-139504526.36,19700000.0,,179311.18,19879311.18,-17925482.7703,25000000.0,2941871.66,,44280.0,27986151.66,-8106840.48,-1259106.66,79293349.44,2420831605.66,2500124955.1,,,,,,,,,,,,,,,,,,,,,,,,,,,,
54,600690.SH,20080425,20080425,20071231,1,1,754286030.45,25702115.61,31106457959.01,88229852.39,,,,,,,,,,,,184820791.3,31379508602.7,25129161345.29,1328836034.99,990061591.95,,,,,,2652592142.3,30100651114.53,1278857488.17,2414973.51,,107688.0,34918729.35,,37441390.86,327340527.96,10800000.0,,589046.88,,338729574.84,-301288183.98,185600000.0,,,185600000.0,516235285.9997,272000000.0,225968258.86,,,497968258.86,-312368258.86,,665201045.33,1755630560.33,2420831605.66,,,,-37384418.3,303981031.33,10252516.43,462932.28,,,-2994485.56,,,-64868376.81,-62667101.93,3447363.78,-1238873422.27,1586245565.08,1267738.08,,1278857488.17,,,,2420831605.66,1755630560.33,,,665201045.33
55,600690.SH,20071027,20071027,20070930,1,1,,,7438773056.3,70638141.38,,,,,,,,,,,,85642212.3,7595053409.98,3203536571.27,689514113.34,826388979.36,,,,,,1740183470.63,6459623134.6,1135430275.38,2916152.42,,110910.09,14308728.67,,17335791.18,177555178.74,,,2550109.56,,180105288.3,-162769497.12,120600000.0,,6358000.0,126958000.0,-14207953.9433,90500000.0,202698752.2,,,293198752.2,-166240752.2,,806420026.06,1748723216.98,2555143243.04,,,,,,,,,,,,,,,,,,,,,,,,,,,,
56,600690.SH,20070823,20070823,20070630,1,1,431154993.7,22767492.62,4779764538.51,60302491.85,,,,,,,,,,,,22731499.01,4862798529.37,1455147250.95,421533346.74,541035835.24,,,,,,923286054.68,3341002487.61,1521796041.76,68324.2,,,5500000.0,,5568324.2,113833041.57,,,,,113833041.57,-108264717.37,49600000.0,,6138000.0,55738000.0,3774378.7041,13000000.0,22230696.94,,,35230696.94,20507303.06,,1434038627.45,1748723216.98,3182761844.43,,,,-314919.77,143770460.47,4634387.53,579440.59,,,-233513.67,,,-14834584.15,-7390861.27,,-261254036.15,663377913.98,539539267.88,,1521796041.76,,,,3182761844.43,1748723216.98,,,1434038627.45
57,600690.SH,20070427,20070427,20070331,1,1,,,1793779127.58,22348498.42,,,,,,,,,,,,17238655.33,1833366281.33,692301433.53,160588914.65,250125887.73,,,,,,351783249.55,1454799485.46,378566795.87,68324.2,,,,,68324.2,46948793.88,,,,,46948793.88,-46880469.68,39600000.0,,1500000.0,41100000.0,-62676303.2425,,13714079.85,,,13714079.85,27385920.15,,359072246.34,1626377382.47,1985449628.81,,,,,,,,,,,,,,,,,,,,,,,,,,,,
58,600690.SH,20080425,20070427,20061231,1,1,637764973.28,10842810.4,7446758161.18,104829359.45,,,,,,,,,,,,86788188.47,7638375709.1,3901464521.3,455148816.74,654176855.37,,,,,,1249403272.28,6260193465.69,1378182243.41,75173783.48,,8596135.07,55750180.81,,139520099.36,306755547.38,,,,,306755547.38,-167235448.02,232800000.0,,,294179196.82,1107933983.9626,255360000.0,205295792.27,,31838838.48,492494630.75,-198315433.93,,1012631361.46,742999198.87,1755630560.33,61379196.82,800000.0,,-1052548.29,314575867.62,7113335.91,1694308.72,,,-2540011.12,,,-50618497.82,58896.32,,-470800516.78,1179183437.37,1179183437.37,,1378182243.41,,,,1755630560.33,742999198.87,,,1012631361.46
59,600690.SH,20071027,20061027,20060930,1,1,,,6288921682.59,87903676.57,,,,,,,,,,,,66696839.0,6443522198.16,3547736910.87,303564334.25,506749247.39,,,,,,1206532120.72,5564582613.23,878939584.93,10883970.19,,8602202.57,86100.0,,19572272.76,85129069.17,577200000.0,,,,662329069.17,-642756796.41,,,7000000.0,14600000.0,-206247242.55,165360000.0,204579410.59,,38707698.92,408647109.51,-394047109.51,,-157864320.99,742899198.87,585034877.88,7600000.0,,,,,,,,,,,,,,,,,,,,,,,,,,,
60,600690.SH,20070823,20060811,20060630,1,1,379123177.32,762530.27,3287497851.85,54772049.83,,,,,,,,,,,,39380080.35,3381649982.03,1582545538.26,194925805.75,323308758.78,,,,,,697059796.51,2797839899.3,583810082.73,19412799.28,,292668.75,4686100.0,,24391568.03,63371762.75,442400000.0,,,,505771762.75,-481380194.72,,,7000000.0,14600000.0,492621565.0561,145360000.0,52983406.69,,19366996.8,217710403.49,-203110403.49,,-100680515.48,742899198.87,642218683.39,7600000.0,,,16831435.93,155848900.4,3509025.42,828222.52,,,7937580.08,,,-27012628.53,-2524715.39,,265707379.61,-360167610.35,142966785.45,,583810082.73,,,,642218683.39,742899198.87,,,-100680515.48
61,600690.SH,20070427,20060427,20060331,1,1,,,1025781837.65,12306687.65,,,,,,,,,,,,8757382.13,1046845907.43,561828379.11,61538946.91,66295694.75,,,,,,255025972.03,944688992.8,102156914.63,,,,,,,24692343.72,205800000.0,,,,230492343.72,-230492343.72,,,,,-115657495.31,138360000.0,97650.0,,9366996.8,147824646.8,-147824646.8,,-276160075.89,670233583.26,394073507.37,,,,,,,,,,,,,,,,,,,,,,,,,,,,
62,600690.SH,20060427,20060427,20051231,1,1,249741258.69,673880.69,3973631899.15,117564434.35,,,,,,,,,,,,59288319.73,4150484653.23,1993006867.68,236748226.61,416437656.42,,,,,,1036338405.13,3682531155.84,467953497.39,6934023.36,,501085.29,847893.0,,8283001.65,80134197.1,90930000.0,,,,171064197.1,-162781195.45,7000000.0,,,7000000.0,436544012.2181,,330591570.53,,26432096.2,357023666.73,-350023666.73,,-44851364.79,,,,,,-1541098.9,210195031.92,7333334.91,520700.26,,,-132553.09,175828.96,,113207763.73,,,46628338.77,151198351.24,-310047339.79,,467953497.39,,,,670233583.26,715084948.05,,,-44851364.79
63,600690.SH,20051029,20051029,20050930,1,1,223904145.02,108500.0,2555028418.66,61972072.63,,,,,,,,,,,,25366155.8,2642366647.09,1113278182.93,191749619.05,284151110.76,,,,,,844744740.27,2433923653.01,208442994.08,,,1495080.03,840597.0,,2335677.03,42693655.54,40930000.0,,,,83623655.54,-81287978.51,7000000.0,,,7000000.0,362861042.641,,338970939.57,,71080661.77,410051601.34,-403051601.34,,-275896585.77,,,,,,-418645.95,148830941.41,5481054.65,223522.5,-1784362.11,,52494.7,175044.96,,82554677.39,,,10521643.65,-69506377.41,-191699644.73,,208442994.08,,,,439188362.28,715084948.05,,,-275896585.77
64,600690.SH,20050819,20050819,20050630,1,1,156040410.65,8680.0,1420867364.68,6806643.1,,,,,,,,,,,,20659023.15,1448333030.93,582392829.79,130784480.93,165838274.28,,,,,,526859981.2,1405875566.2,42457464.73,,,889527.84,997.0,,890524.84,18132716.67,26930000.0,,,,45062716.67,-44172191.83,7000000.0,,,7000000.0,352682982.3473,,303619.98,,33763528.05,34067148.03,-27067148.03,,-28781875.13,,,,,,3617259.25,103589067.1,3650865.18,146565.0,-2401259.9,14630123.27,3227.22,160803.91,,66284277.61,,,-47973286.32,-312605346.01,57306077.77,,42457464.73,,,,686303072.92,715084948.05,,,-28781875.13
65,600690.SH,20050428,20050428,20050331,1,1,67763523.79,,629572846.65,4449157.71,,,,,,,,,,,,3028003.12,637050007.48,339243101.58,63840572.01,76254807.33,,,,,,238106400.2,717444881.12,-80394873.64,,,,,,,10063856.07,,,,,10063856.07,-10063856.07,,,,,-32991346.0583,,294939.98,,31828665.81,32123605.79,-32123605.79,,-122582335.5,,,,,,-293017.23,50612958.71,1824945.09,72547.5,-1490565.11,26729599.33,,,,34966736.09,,,-182962389.27,77360288.63,-150442135.6,,-80394873.64,,,,592502612.55,715084948.05,,,-122582335.5
66,600690.SH,20050408,20050408,20041231,1,1,396999883.21,10385895.96,4087582976.53,134214068.67,,,,,,,,,,,,49241354.14,4271038399.34,2066181592.4,221453762.15,378633394.53,,,,,,866511627.1,3532780376.18,738258023.16,1112923.92,,4312.33,245555.56,,1362791.81,100445281.44,49800000.0,,,,150245281.44,-148882489.63,,,,,-40327659.5918,645000000.0,29062841.91,,29835371.19,703898213.1,-703898213.1,,-114522679.57,,,,,,14401026.86,198357244.69,7281855.31,290190.0,,-6995731.89,-69760.56,,,121538219.54,,,-248751292.04,162487034.13,82333457.95,,738258023.16,,,,715084948.05,829607627.62,,,-114522679.57
