,ts_code,ann_date,end_date,eps,dt_eps,total_revenue_ps,revenue_ps,capital_rese_ps,surplus_rese_ps,undist_profit_ps,extra_item,profit_dedt,gross_margin,current_ratio,quick_ratio,cash_ratio,ar_turn,ca_turn,fa_turn,assets_turn,op_income,ebit,ebitda,fcff,fcfe,current_exint,noncurrent_exint,interestdebt,netdebt,tangible_asset,working_capital,networking_capital,invest_capital,retained_earnings,diluted2_eps,bps,ocfps,retainedps,cfps,ebit_ps,fcff_ps,fcfe_ps,netprofit_margin,grossprofit_margin,cogs_of_sales,expense_of_sales,profit_to_gr,saleexp_to_gr,adminexp_of_gr,finaexp_of_gr,impai_ttm,gc_of_gr,op_of_gr,ebit_of_gr,roe,roe_waa,roe_dt,roa,npta,roic,roe_yearly,roa2_yearly,debt_to_assets,assets_to_eqt,dp_assets_to_eqt,ca_to_assets,nca_to_assets,tbassets_to_totalassets,int_to_talcap,eqt_to_talcapital,currentdebt_to_debt,longdeb_to_debt,ocf_to_shortdebt,debt_to_eqt,eqt_to_debt,eqt_to_interestdebt,tangibleasset_to_debt,tangasset_to_intdebt,tangibleasset_to_netdebt,ocf_to_debt,turn_days,roa_yearly,roa_dp,fixed_assets,profit_to_op,q_saleexp_to_gr,q_gc_to_gr,q_roe,q_dt_roe,q_npta,q_ocf_to_sales,basic_eps_yoy,dt_eps_yoy,cfps_yoy,op_yoy,ebt_yoy,netprofit_yoy,dt_netprofit_yoy,ocf_yoy,roe_yoy,bps_yoy,assets_yoy,eqt_yoy,tr_yoy,or_yoy,q_sales_yoy,q_op_qoq,equity_yoy
0,002769.SZ,20190429,20190331,0.08,0.08,4.1992,4.1992,0.6831,0.2094,1.7817,2644076.45,27543708.14,83255922.09,1.1772,1.1427,1.1034,1.1818,0.1717,142.631,0.1656,39417872.74,31055080.14,,-493453078.01,-117694052.58,1115191037.41,21654422.97,4864543134.08,143478753.08,1320620369.58,1059614420.15,1203093173.23,6235881205.92,743290392.1,0.0809,3.6731,-1.1272,1.991,-0.1073,0.0832,-1.3218,-0.3153,1.9278,5.3109,94.6891,2.5038,1.9278,1.0898,1.9778,-0.5638,0.2524,97.4855,2.5305,1.981,2.2275,2.23,2.0324,0.328,0.3192,0.2884,8.91,1.312,81.3999,5.3763,6.9855,95.4782,4.5218,17.9122,78.0089,21.9896,99.6392,0.3608,-0.0704,4.3763,0.2285,0.2819,0.2201,0.2715,9.2043,-0.0701,89.7957,1.2768,0.3189,10779997.64,2.5448,1.0898,97.4855,2.2275,2.0324,0.3192,-26.8425,-27.2727,-27.2727,45.1377,-19.2437,-18.8943,-26.5459,-30.58,45.6054,-29.9929,2.3918,-36.2285,2.3932,43.7724,43.7724,43.7724,740.4503,4.9239
1,002769.SZ,20190429,20181231,0.28,0.28,15.4621,15.4621,0.6831,0.2094,1.7008,29233584.81,72878950.66,507950438.52,1.1003,1.0764,1.0551,5.1432,0.4651,596.3882,0.4521,47466101.15,138128048.59,140231681.76,-1458899137.1038,-2143539184.6138,1459810394.31,23056197.65,8739049152.02,-310033134.62,1295223059.04,1022488805.17,712455670.55,10078299286.62,713102607.51,0.2735,3.5873,-1.3725,1.9102,-3.3201,0.37,-3.9079,-5.7419,1.7699,8.7998,91.2002,7.4954,1.7699,3.3635,1.8698,2.2621,0.4382,99.1777,2.1416,2.393,7.8547,7.81,5.606,1.0818,0.8001,1.0593,7.8547,1.0818,88.416,8.6326,9.8216,97.0607,2.9393,11.2032,86.7115,13.2879,99.7744,0.2256,-0.0502,7.6326,0.131,0.1532,0.1267,0.1482,,-0.0501,81.9993,0.8001,0.7997,11201716.43,2.1384,4.284,99.5346,0.1757,-0.4504,0.0169,41.4941,55.5556,55.5556,-240.6827,50.1435,50.6656,49.622,15.58,-239.4887,40.8687,7.1252,-17.2745,6.2138,7.2782,7.2782,-11.8,-84.5538,6.2138
2,002769.SZ,20181030,20180930,0.27,0.27,12.186,12.186,0.6832,0.1838,1.7201,20859783.3,78903206.55,406998791.11,1.065,1.0542,1.0469,3.6227,0.3016,486.1093,0.2945,41773900.2,253927752.73,,-1527319445.7521,-1962044208.2921,1797608965.35,23200112.39,13759746816.97,136565861.43,1324494496.0,1011542739.77,1148108601.2,15095397644.28,710753061.89,0.2672,3.578,-2.7319,1.9039,-4.0095,0.6802,-4.0912,-5.2557,2.1927,8.9465,91.0535,7.6391,2.1927,3.116,1.551,2.972,0.3346,99.0817,2.6136,5.5817,7.6842,7.64,6.0775,1.644,0.6458,1.604,10.2456,2.192,92.1043,12.6651,11.897,97.9469,2.0531,7.8297,91.1519,8.8486,99.8511,0.1489,-0.0656,11.6651,0.0857,0.0971,0.085,0.0963,9.6986,-0.0655,83.5161,0.8611,0.6459,10561256.28,2.6097,3.8379,98.8487,1.9411,1.625,0.1454,-4.8395,-32.5,-32.5,-58.1144,-31.7375,-33.8346,-33.413,-45.7,-56.77,-33.6076,6.8474,21.0434,5.9391,13.9018,13.9018,25.4209,-22.0902,0.293
3,002769.SZ,20180830,20180630,0.2,0.2,6.1877,6.1877,0.7829,0.1823,1.6373,16660074.96,57317746.43,213614683.24,1.0576,1.0463,1.0386,2.4465,0.1467,248.7716,0.1433,16215926.05,95855121.84,96880525.75,-1608096463.2176,-1573640100.6476,1268809805.49,25097319.66,15909055660.86,57816517.07,1304018138.36,988862744.11,1046679261.18,17230082531.42,684967893.43,0.1965,3.5092,-2.4239,1.8196,-2.3202,0.2546,-4.2718,-4.1803,3.1759,9.1707,90.8293,8.0451,3.1759,2.4281,2.414,3.203,0.3283,99.3038,3.7927,4.1151,5.7306,5.71,4.44,0.5899,0.4553,0.5594,11.4612,1.1798,92.8686,14.0225,12.5875,98.0714,1.9286,7.0396,92.333,7.667,99.8541,0.1459,-0.0531,13.0224,0.0768,0.083,0.0758,0.082,22.5544,-0.053,86.4254,0.9106,0.4553,10570873.8,3.7875,3.6917,100.4889,2.5024,1.3426,0.1939,-11.2073,-20.0,-20.0,-284.2581,-18.0275,-21.7363,-21.3079,-36.14,-283.9923,-24.0923,4.7929,32.5478,4.7726,4.7345,4.7345,-16.7588,-20.1545,3.6682
4,002769.SZ,20180423,20180331,0.11,0.11,2.8959,2.8959,0.7845,0.1823,1.5826,1421482.46,39675976.76,86199908.7,1.0689,1.0619,1.0539,1.1812,0.0762,137.135,0.0743,22273037.11,74712441.81,,-1052545050.6362,-1187648296.4462,1511974435.99,27965682.86,12537308910.63,-311844365.58,1290195089.05,967535683.73,655691318.15,13844202621.95,664510203.16,0.1092,3.471,-2.0546,1.7649,-2.4921,0.1984,-2.7955,-3.1543,3.7692,7.9056,92.0944,5.6546,3.7692,0.9922,2.3213,2.3411,0.1731,97.9573,4.5051,6.8521,3.2011,3.21,3.0903,0.5089,0.28,0.4925,12.8044,2.0356,91.5049,11.7715,11.434,97.6123,2.3877,8.3865,90.56,9.44,99.8013,0.1987,-0.0551,10.7715,0.0928,0.1042,0.0917,0.1029,,-0.055,85.4248,1.12,0.28,7746266.99,4.511,0.9922,97.9573,3.2011,3.0903,0.28,-70.9483,0.0,0.0,-124.7675,5.4385,1.1863,1.8406,2.78,-124.6615,-2.2032,3.6522,10.0807,3.652,48.2221,48.2221,48.2221,153.4824,4.1349
5,002769.SZ,20180423,20171231,0.18,0.18,14.2908,14.2908,0.7845,0.1823,1.4735,5192962.77,63054039.81,357224999.1,1.072,1.0635,1.0573,5.9389,0.3745,687.8819,0.3684,-93668502.19,104854081.82,106730334.02,-1985784635.4078,-939884928.3778,2438901271.35,29673105.76,10245905429.51,-1643350722.29,1245562291.21,913740544.45,-729610177.84,11506753389.79,623412743.94,0.1813,3.3487,0.9756,1.6558,3.822,0.2785,-5.2741,-2.4963,1.2684,6.6391,93.3609,5.6757,1.2684,2.2474,2.3435,1.0849,2.6763,101.7408,1.5302,1.9487,5.5734,5.56,5.1494,0.7179,0.4672,0.8225,5.5734,0.7179,90.978,11.084,11.9286,97.304,2.696,8.9126,89.0425,10.9575,99.7666,0.2334,0.029,10.0841,0.0992,0.1231,0.098,0.1216,,0.0289,67.5853,0.4672,0.4672,8155737.95,1.5226,5.2536,108.5899,-6.2928,-6.3461,-0.6859,73.407,-64.7059,-64.7059,159.4153,-62.092,-63.5956,-64.2514,-65.79,159.388,-66.3124,6.1697,-8.2851,6.118,49.6704,49.6704,35.2471,-238.3029,6.118
6,002769.SZ,20171026,20170930,0.4,0.4,10.6079,10.6079,0.7675,0.1659,1.7065,4502779.08,145320846.93,269986949.2,1.1243,1.1131,1.0102,3.6365,0.3241,540.3547,0.3189,25443835.52,233051933.5,,-3516473325.7911,-2344128453.2311,2291586911.62,23912706.63,6164485521.28,-176916337.78,1318329041.9,1051239005.87,874322668.09,7496314130.21,704989367.37,0.3979,3.5373,-1.7278,1.8724,1.3894,0.619,-9.3396,-6.2259,3.7512,6.7598,93.2402,4.5464,3.7512,1.2037,2.0002,1.3425,1.5517,99.363,4.3611,5.835,11.8908,11.76,11.5335,1.8607,1.1962,2.2588,15.8544,2.4809,86.4263,7.3672,9.9404,96.8966,3.1034,13.4361,82.2336,17.7664,99.718,0.282,-0.0769,6.3672,0.1571,0.216,0.1555,0.2139,,-0.0767,80.8306,1.5949,1.1962,7294517.17,4.4925,1.552,100.8007,4.2834,4.2639,0.481,-23.33,-4.7619,-4.7619,-358.5456,-2.5553,-3.1846,-4.3199,-3.78,-358.2925,-17.8621,12.1493,-35.6087,12.092,55.425,55.425,69.3748,8.5416,16.4871
7,002769.SZ,20170824,20170630,0.25,0.25,5.9039,5.9039,0.7716,0.1658,1.5575,4249489.12,89759735.09,137315550.9,1.096,1.0749,1.0007,2.588,0.1566,308.5988,0.1553,39616726.46,118226713.03,119107521.88,-301981285.5963,343578119.9337,5348949962.67,17177611.62,6755780041.08,-3666107838.52,1272399622.29,1161683682.77,-2504424155.75,8030060148.11,649174965.57,0.2496,3.3827,-0.6308,1.7233,1.1928,0.3138,-0.8016,0.9121,4.227,6.1742,93.8258,4.2574,4.227,0.9266,2.2178,1.1131,0.1065,98.2187,4.8458,5.3159,7.6355,7.48,7.2903,0.8258,0.6566,1.1101,15.271,1.6516,90.4877,10.5127,11.6283,99.0313,0.9687,9.4982,84.1311,15.8689,99.8583,0.1417,-0.0196,9.5127,0.1051,0.1886,0.105,0.1883,,-0.0196,84.2746,1.3132,0.6566,6925315.94,5.0686,0.8886,98.4038,4.2427,4.0451,0.4141,7.1698,-19.3548,-19.3548,20.4841,-15.8203,-16.0394,-17.3232,-17.22,-98.7372,-26.6154,7.2477,-12.0858,7.2485,45.8641,45.8641,56.8956,31.3291,12.6622
8,002769.SZ,20170429,20170331,0.11,0.11,1.9528,1.9528,0.7716,0.1658,1.515,1751365.77,38603313.65,41607699.91,1.1032,1.0774,1.0375,0.9153,0.0534,100.4145,0.053,15858382.72,42873186.34,,2637862.4223,375916028.9223,5202996991.22,15707674.8,6045609223.35,-4054712569.41,1254437589.47,1161248723.27,-2893463846.14,7300609356.51,633171781.58,0.1071,3.3315,-0.9141,1.6808,0.1642,0.1138,0.007,0.9979,5.4858,5.6561,94.3439,3.3747,5.4858,1.0035,3.151,-0.7798,0.0793,97.8442,6.3332,5.8281,3.3035,3.34,3.1601,0.3089,0.2908,0.4179,13.214,1.2356,89.9755,9.9756,11.3612,99.1257,0.8743,10.02,82.8097,17.1903,99.8606,0.1394,-0.0306,8.9755,0.1114,0.2076,0.1114,0.2075,,-0.0306,122.7922,1.1632,0.2908,7163392.02,6.6079,1.0035,97.8442,3.3035,3.1601,0.2908,-46.8086,-31.25,-31.25,-17823.5294,-35.4876,-32.9049,-33.8687,-36.56,-44356.0464,-43.2552,5.6244,-17.8404,5.6258,27.6978,27.6978,27.6978,21.1724,16.5415
9,002769.SZ,20170429,20161231,0.51,0.51,9.5433,9.5433,0.7716,0.1658,1.4079,6585590.91,184322797.26,225360328.56,1.0784,1.0723,1.0145,4.1729,0.1626,592.6271,0.1618,-113555707.0,400638818.16,401174407.96,-250643906.8828,-508363818.9728,5491959106.86,12537390.91,8545144129.68,-4025596961.19,1186598890.66,1101096051.35,-2924500909.84,9733300960.19,592817102.16,0.5068,3.1541,-1.642,1.5737,-0.8085,1.0635,-0.6654,-1.3495,5.3104,6.2687,93.7313,9.234,5.3104,1.0996,2.9821,5.1523,0.1659,103.1587,6.0417,11.1443,17.318,17.37,16.7206,1.8037,0.8595,2.7949,17.318,1.8037,92.2026,12.8248,20.1495,99.3464,0.6536,7.7872,87.7929,12.2071,99.9108,0.0892,-0.0441,11.8247,0.0846,0.139,0.0845,0.1389,,-0.044,93.997,0.8595,0.8595,7488407.53,6.2598,1.1057,85.1339,2.9441,2.8563,0.193,-46.4841,-3.7736,-3.7736,-258.9853,29.2221,12.6201,11.6818,28.05,-497.5182,-4.4456,-53.256,-47.7916,16.8778,-3.1138,-3.1138,-32.4891,-24.2009,16.8778
10,002769.SZ,20161028,20160930,0.42,0.42,6.8216,6.8216,0.7258,0.1165,1.3661,5562587.03,151025415.83,173288141.73,1.0572,1.0541,0.915,3.4559,0.1042,542.8496,0.1038,-265973807.61,532456351.66,,1308166717.1508,1016485451.7708,8352663165.43,2530131.27,10820011668.43,-5514070683.36,1130894738.24,1097228623.53,-4416842059.83,11963338383.55,558507246.47,0.4157,3.0351,-0.3768,1.4826,-0.0765,1.4134,3.4726,2.6983,6.0935,6.7434,93.2566,17.0873,6.0935,1.0971,2.482,13.5081,-0.0217,110.3502,6.956,20.7203,14.4995,14.39,13.9844,2.1511,0.6326,3.3888,19.3327,2.8681,94.373,17.7715,22.92,99.7607,0.2393,5.5658,90.4431,9.5569,99.9868,0.0132,-0.0074,16.7714,0.0596,0.1057,0.059,0.1045,,-0.0074,84.7951,0.8435,0.6326,4823540.7,7.2122,0.8834,102.1849,3.7708,3.7457,0.2099,-2.1423,-6.6667,-6.6667,74.0514,38.6907,15.9976,21.439,42.78,33.9496,2.4646,-55.0196,-30.3837,12.4679,17.2394,17.2394,27.7277,-9.1147,18.5179
11,002769.SZ,20160824,20160630,0.31,0.31,10.1164,10.1164,3.3135,0.2912,3.3398,5277793.23,108429158.54,111480861.28,1.0566,1.0505,0.848,2.0851,0.0615,327.2263,0.0613,-243141910.27,390343985.62,390898860.5,1394981502.3301,1087194963.8401,9825025754.25,0.0,9585543684.08,-5530134867.04,1111765567.37,1098320519.38,-4431814347.66,10716606162.41,547246896.58,0.7544,7.5044,-0.7933,3.6309,-0.6337,2.5899,9.2555,7.2134,7.4575,7.3115,92.6885,23.2025,7.4575,1.2436,2.5877,19.3711,0.0214,115.9466,8.3967,25.6009,10.589,10.59,10.0975,1.5699,0.4573,2.6129,21.178,3.1398,94.4938,18.1613,23.1547,99.8406,0.1594,5.4123,89.4457,10.5543,100.0,0.0,-0.0062,17.1614,0.0583,0.118,0.0573,0.116,,-0.0062,97.4989,0.9146,0.4573,4675055.41,8.8056,1.1259,121.7673,4.7723,4.3101,0.2106,-12.522,6.8966,6.8966,76.1191,107.2891,44.8331,43.3502,104.49,51.3606,16.4936,11.2158,-29.6193,11.2614,10.9929,10.9929,17.8418,-22.7174,23.0542
12,002769.SZ,20160425,20160331,0.41,0.41,3.8237,3.8237,3.3017,0.2913,2.9914,175226.04,60846820.95,45534827.29,1.0364,1.0339,0.672,0.754,0.0197,124.3641,0.0196,-36644891.89,131015315.2,,-2460743551.1864,-2846359508.5064,11904703872.94,,16502455523.66,-1583490364.88,1046617702.9,1032832624.98,-550657739.9,17579324970.08,494561991.8,0.405,7.1477,-0.0051,3.2827,-1.742,0.8696,-16.3332,-18.8927,10.5929,7.9044,92.0956,14.9355,10.5929,1.4375,3.3314,10.1666,-0.7205,106.3612,12.536,22.743,5.8298,5.83,5.8131,0.4466,0.208,0.6861,23.3192,1.7864,96.3476,27.3793,28.0257,99.8506,0.1494,3.5498,93.8742,6.1258,100.0,,0.0,26.3794,0.0379,0.0653,0.0368,0.0634,,0.0,130.1862,0.832,0.208,4620180.93,12.5764,1.4375,106.3612,5.8298,5.8131,0.208,-0.1345,5.1282,5.1282,,41.1746,40.2685,41.2218,42.2,-104.6292,-41.6629,5.9295,1.0195,5.9305,1.2977,1.2977,1.2977,84.2376,142.079
13,002769.SZ,20160329,20151231,1.23,1.23,24.6288,24.6288,3.3017,0.2913,2.5864,26998985.19,143940590.49,204415868.42,1.0321,1.03,0.6564,4.472,0.1443,1105.0261,0.144,-187892675.57,511921098.19,512689032.39,2348554626.254,1878155265.454,14595251345.82,4021102.84,13570621919.54,-3667955929.39,998898680.52,903749598.29,-2764206331.1,14587202752.87,433539944.81,1.1346,6.7476,1.0328,2.8776,2.1057,3.3979,15.5885,12.4663,4.6069,5.5091,94.4909,10.4205,4.6069,1.1792,2.335,6.9062,0.1336,105.0637,4.5298,13.7964,24.1034,24.32,20.2964,1.9863,0.6633,3.3103,24.1034,1.9863,96.5169,28.7101,36.3402,99.5996,0.4004,3.4225,93.031,6.969,99.9857,0.0143,0.0055,27.7104,0.0361,0.0749,0.0355,0.0736,,0.0055,86.2955,0.6633,0.6633,4644036.79,5.3853,1.1104,105.2477,4.2393,3.8526,0.1578,24.3973,26.8041,26.8041,61.375,35.1587,60.0188,58.6544,34.12,336.0587,-37.2921,-6.7972,30.5424,153.0055,18.4502,18.4502,37.9732,-41.6026,153.0055
14,002769.SZ,20151026,20150930,0.95,0.95,14.8099,14.8099,2.9156,0.2376,2.408,23168120.89,105775637.47,133871736.98,1.0366,1.0283,0.6502,3.0247,0.0947,809.2363,0.0945,-108196501.58,314616123.66,,2232875648.121,1843663965.121,12873648356.35,3995726.5,10200191395.3,-3886977439.48,936745850.6,844355978.41,-3042621461.07,11164877999.87,391544127.49,0.8712,6.5182,-1.4521,2.6456,0.67,2.1258,15.087,12.4572,5.8828,6.1077,93.8923,10.9353,5.8828,1.2269,2.644,7.0644,0.0836,104.9363,5.8801,14.3538,18.8723,20.81,15.4814,1.3561,0.5558,2.2044,25.1631,1.8081,95.9876,24.9227,33.9559,99.4829,0.5171,3.8962,91.3596,8.6404,99.9827,0.0173,-0.0093,23.9226,0.0418,0.0946,0.0406,0.0918,,-0.0093,105.477,0.7411,0.5558,3345406.4,7.2894,1.1799,102.0272,5.2682,5.6005,0.217,3.7773,69.6429,69.6429,,49.3957,84.3588,76.4412,45.4,-17.578,,-9.9659,7.5351,140.0901,7.8743,7.8743,28.3524,532.7117,
15,002769.SZ,20150824,20150630,1.43,1.43,18.5637,18.5637,6.8313,0.4751,4.1454,26297767.6,53023320.83,90459800.82,1.0434,1.0409,0.5926,1.9836,0.0624,492.0618,0.0624,-91610475.15,234501492.76,235390067.02,-51179997.5328,59071396.5372,9617512693.93,,11165910436.35,-238831466.42,905112200.44,901220418.94,662388952.52,12085068723.36,341921457.56,1.0719,12.4211,-3.3219,4.6206,7.8558,3.1689,-0.6916,0.7983,5.7742,6.585,93.415,13.2089,5.7742,1.2549,2.8109,9.1432,0.0212,106.6688,4.496,17.0706,12.0096,17.35,8.028,1.0645,0.3601,1.6752,24.0192,2.129,95.7648,23.6116,33.3548,99.9173,0.0827,4.1705,92.3943,7.6057,100.0,,-0.0118,22.6114,0.0442,0.0823,0.0435,0.0811,,-0.0118,98.1214,0.7202,0.3601,3511781.5,6.7482,1.2197,105.4482,5.2949,1.5007,0.1782,-32.6141,95.8904,95.8904,,33.8467,99.0009,96.0625,32.28,-285.6405,,71.5693,-2.9308,128.7591,-1.4867,-1.4867,,-79.2614,
16,002769.SZ,20160425,20150331,,,,,,,,421700.0,42788400.0,43035346.19,1.0448,1.0448,,,0.0276,,0.0276,-47751135.73,113878480.86,,-1740343779.3468,-2060150023.8268,,370908700.0,18017802900.0,18017802900.0,444842200.0,806559600.0,,18462645100.0,,,,,,,,,,7.5982,7.5675,92.4325,16.018,7.5982,1.3047,3.7709,10.9425,-0.0806,108.3967,8.995,20.0248,10.2074,,10.1078,0.5529,0.2098,0.6281,40.8296,2.2116,97.638,42.337,48.6526,99.9512,0.0488,2.362,97.5906,2.4094,97.983,2.017,0.0009,41.3376,0.0242,0.0247,0.0242,0.0247,0.0247,0.0009,,0.8392,0.2098,,9.0823,1.3047,108.3967,10.2074,10.1078,0.2098,2.9422,,,,,,,,,,,-15.7631,10.7118,,,,34.3032,
17,002769.SZ,20150610,20141231,1.94,1.94,56.4429,56.4429,1.1542,0.5064,4.6134,423462.74,107319879.47,169144728.75,1.0354,1.0328,0.5945,4.9478,0.1775,1364.5971,0.1774,-376158343.83,392587676.81,393707801.3,1270297153.7874,880637054.9874,10484539701.8,2165163.29,11469337762.43,-268708975.11,395070815.49,763830860.28,126075278.28,11871139676.45,284149037.57,1.9413,7.2397,0.64,5.1198,-6.5025,7.0737,22.8882,15.8673,3.4467,5.3995,94.6005,17.2838,3.4467,2.1527,1.9932,13.138,0.1012,112.0079,3.9698,12.5324,30.4768,29.1,30.357,2.2238,0.6116,3.5853,30.4768,2.2238,98.2029,55.6452,49.9373,99.9589,0.0411,1.767,96.6153,3.3847,98.3093,1.6907,0.0017,54.6439,0.0183,0.035,0.018,0.0344,,0.0016,77.9089,0.6116,0.6103,2071725.39,3.9863,2.2205,109.4734,8.6269,,0.1553,19.8481,110.8696,110.8696,-28.8889,117.1471,104.0707,111.3739,125.2802,-28.8167,60.5808,31.6309,72.6421,31.6309,-29.0304,-29.0304,,-5.0787,31.6309
18,002769.SZ,20150610,20131231,0.92,0.92,79.5311,79.5311,1.1542,0.3189,3.0635,3334459.88,47638398.56,151016998.65,1.0862,1.0837,0.6119,8.1146,0.4876,1683.3208,0.4873,-98187546.54,105376823.74,106175641.17,-276730268.9297,369762414.8303,5884696871.63,1754764.29,6758961707.44,342158532.68,298699513.37,1026725288.06,639829846.38,7063947239.16,187724653.51,0.9184,5.5,0.9,3.3824,9.3876,1.8987,-4.9861,6.6624,1.1434,3.4213,96.5787,5.0134,1.1434,1.0973,0.9669,2.9492,0.6173,102.2245,1.2975,2.3873,17.9524,16.82,16.778,1.1633,0.5571,1.5578,17.9524,1.1633,97.645,42.4628,31.9044,99.93,0.07,2.3065,95.6825,4.3212,94.2208,5.7792,0.0042,41.4623,0.0241,0.0452,0.0236,0.0442,0.873,0.004,46.9387,0.5571,0.5627,2519488.59,1.3863,,,,,,,9.5238,9.5238,188.2353,4.2066,11.3069,9.3731,2.2531,188.6541,-5.902,16.2324,150.6347,16.2332,-11.3049,-11.3049,,,16.2332
19,002769.SZ,20150610,20121231,0.84,0.84,89.668,89.668,1.1542,0.2354,2.3591,15839.95,46588727.12,131520984.48,1.0526,1.0462,1.0082,9.7228,1.2635,1861.8353,1.262,37594112.29,38723907.98,39558347.94,127115539.317,140002895.387,1072663483.43,,3831521155.48,-231696648.61,260258702.64,257773054.76,26076406.15,4094378133.34,143996795.07,0.8397,4.7319,-1.02,2.5945,-0.5744,0.6977,2.2904,2.5226,0.9336,2.6428,97.3572,1.6831,0.9336,0.8744,0.718,0.0907,0.1676,99.2446,1.1043,0.7781,19.1699,17.8,19.1634,0.982,1.1782,1.0775,19.1699,0.982,94.9128,19.6572,16.2205,99.9016,0.0984,5.0369,93.5801,6.4141,100.0,,-0.0115,18.6572,0.0535,0.0685,0.0531,0.0679,,-0.0115,40.4206,1.1782,1.1818,2724877.38,1.1047,,,,,,,-10.6383,-10.6383,-308.0,-2.7353,-5.951,-5.5821,-2.8964,-303.8218,-19.6069,17.446,89.9794,17.4452,85.7614,85.7614,,,17.4452
20,002769.SZ,20140505,20111231,0.94,0.94,48.2705,48.2705,1.1542,0.1629,1.7289,1381526.28,47978362.44,94809095.91,1.0879,1.0638,0.9818,6.3692,0.9867,1022.1338,0.985,121528209.97,-29312632.19,,,,739586786.84,,1756214155.09,-111755381.11,221667961.57,219428152.87,107672771.76,1980204071.66,104992228.0,0.8894,4.029,-0.25,1.8918,0.8772,-0.5282,,,1.8394,3.539,96.461,-1.1365,1.8394,1.2432,0.8964,-3.2761,0.1003,95.4637,2.1091,-1.0942,22.0742,26.16,21.4564,-1.0778,1.8119,2.4927,22.0742,-1.0778,91.7644,12.1424,,99.8323,0.1677,8.1502,88.6885,11.2922,100.0,,-0.0056,11.1425,0.0896,0.1273,0.0888,0.1262,,-0.0056,64.9075,1.8119,,2621000.58,2.1819,,,,,,,,,,,,,,,,,,,,,,,
21,002769.SZ,20101216,20100630,0.41,0.41,12.4199,12.4199,0.4001,0.0445,0.9229,146148.46,19934507.1,22276769.1,1.0647,1.0219,0.802,7.6641,0.3861,572.3823,0.3857,9424949.96,21230061.57,,-114717248.7163,-50386362.6963,192578924.35,,1638187153.74,391119690.21,117358983.83,118444082.91,509563773.12,1759366034.77,48373549.88,0.406,2.3683,-1.41,0.9675,-0.3311,0.4246,-2.2943,-1.0077,3.2336,3.5873,96.4127,1.9497,3.2336,0.7214,1.2936,-0.0653,0.0853,98.4823,3.4565,3.4187,18.1833,15.63,17.8557,1.3185,1.2471,1.3427,36.3666,2.637,93.7919,16.108,14.4231,99.8599,0.1401,6.0124,93.1124,6.7305,100.0,,-0.0384,15.108,0.0647,0.0723,0.0641,0.0716,0.3001,-0.0384,41.3229,2.4942,1.2607,1680171.59,3.484,,,,,,,,,,,,,,,,12.916,53.8778,12.914,,,,,
22,002769.SZ,20101216,20091231,0.59,0.59,23.4133,23.4133,0.4001,0.0245,0.6677,238957.88,27923062.93,33858354.34,1.0922,1.0575,0.786,15.385,1.2795,2591.4383,1.2785,16022619.4,33268950.55,,-342405750.4516,-330665942.7216,92869133.52,,1067778706.58,277487202.89,104539870.6,107035009.36,384522212.25,1175634136.52,34612187.05,0.5856,2.0974,-0.18,0.6922,0.2335,0.6654,-6.8481,-6.6133,2.5,2.8922,97.1078,1.4819,2.5,0.4711,0.8294,0.1814,0.0211,98.6313,2.6364,2.8419,32.4512,24.5,30.9448,3.6332,3.1962,3.8655,32.4512,3.6332,91.4974,11.7611,10.1478,99.9353,0.0647,8.2412,90.8258,8.9203,100.0,,-0.0079,10.7611,0.0904,0.0982,0.0901,0.0979,0.3767,-0.0079,34.1091,3.1962,3.1978,489697.48,2.6604,,,,,,,55.2632,55.2632,-156.25,35.8317,34.6069,66.7454,62.1202,-161.8766,20.2044,-67.7164,125.3594,38.7183,20.0576,20.0576,,,38.7183
23,002769.SZ,20101216,20081231,0.38,0.38,83.7961,83.7961,2.4375,0.4107,2.6259,337445.58,17223679.99,30017482.83,1.1537,1.0976,1.0976,13.6154,1.8893,2543.5366,1.8872,34943633.07,3718511.56,,-3283472.5259,-11010452.4359,120955437.07,,366325110.63,-44698843.88,75330067.41,74916276.81,30217432.93,441924805.62,35335977.79,1.5092,6.4968,0.32,3.0367,2.0689,0.3196,-0.2822,-0.9462,1.801,3.0784,96.9216,-0.5517,1.801,0.7969,0.643,-1.9915,0.0193,96.4164,2.3302,0.3814,32.4021,32.4,31.7794,0.7197,3.3988,0.6918,32.4021,0.7197,86.5691,7.4455,9.5334,99.8786,0.1214,13.383,82.8931,17.1069,100.0,,0.0305,6.4455,0.1551,0.2064,0.1546,0.2056,,0.0305,36.5946,3.3988,3.3988,413790.6,2.3729,,,,,,,-62.7451,-62.7451,-50.7692,0.9484,2.4721,-8.7773,-10.2472,20.9224,-60.4273,98.1034,19.6354,130.5192,39.3344,39.3344,,,130.5192
24,002769.SZ,20101216,20071231,1.02,1.02,69.9818,69.9818,,0.2269,2.0506,60691.78,19190138.45,18786623.58,1.0739,1.0146,1.0146,10.2285,1.4888,1982.8958,1.4874,22246722.73,10200283.29,,,,96509635.53,,341191251.83,-22410102.25,32700830.68,32347903.35,9937801.1,373986653.36,22774852.22,1.9251,3.2795,0.65,2.2775,0.9365,1.02,,,2.7508,2.6845,97.3155,-0.6003,2.7508,0.699,0.4695,-1.7689,0.0833,96.8211,3.2163,1.4576,58.6998,99.27,58.5147,2.168,4.0916,5.1475,58.6998,2.168,93.0296,14.3464,,99.9049,0.0951,6.9503,91.2309,8.7691,100.0,,0.028,13.3464,0.0749,0.0961,0.0747,0.0958,,0.028,48.9171,4.0916,,352927.33,3.2265,,,,,,,,,,,,,,,,,,,,,,,
